Customer_Preference_Id,Car_Feature_Id,Customer_Id,Customer_preference_Detail
1,727,727,X75TAX05LDYC7HG90SYM
2,818,818,X6HSBW9BKCXRLJ4EE
3,769,769,NZZRPV
4,559,559,SP0JO7E1VZ0N0Y0RU01
5,207,207,KMXCUM4BN65HMQI69SV5
6,4,4,QPJ3RDPM85
7,907,907,OTH6R
8,443,443,O223EPU
9,978,978,0AGUH15WJ
10,274,274,WE8
11,292,292,8FOE0EST8BFL3S2EB0
12,468,468,KQ28SR
13,633,633,LRANADFLTNF0OFQ714E
14,470,470,YC
15,983,983,4IV
16,31,31,OD66VN
17,863,863,T
18,996,996,IL116IZFZBC9TI04DV58
19,678,678,6
20,315,315,EOQ7NGJCQLPOG2DPFD
21,817,817,46JFVU52ISSL
22,849,849,CGNDFABYFZLN3TK105P
23,992,992,J1X
24,33,33,9V
25,700,700,IE0KY0NCZFZ95
26,527,527,FO7YRR0K1IM3RIBJS3K
27,935,935,S
28,688,688,FEMNGHKL0
29,547,547,JR
30,82,82,CPWH4CXCIXV941GNVP
31,188,188,9V9SB4AJ0GHQJZEY
32,454,454,VMG
33,298,298,V7WHRDCG
34,989,989,X47CI82WLDTSXW07B9
35,643,643,2NS98M
36,763,763,ODBJQY3WIDJ7
37,16,16,6WWA8MSXAV
38,382,382,G4MDG5UYP3JPL1N
39,344,344,P1
40,958,958,NO4SI6QI1MTH
41,506,506,I23MBPFDJKHE
42,716,716,7B8KQ2V
43,119,119,8L
44,10,10,B47QMSBWL56IY
45,908,908,K0M043MEWZF9GWRLHAGR
46,795,795,7IOQQ9LSG0SAJ6
47,338,338,8V3IPX87BDCF50OW27R
48,458,458,IXADT1LFZMZXP
49,147,147,CM6Y1C
50,222,222,
51,411,411,DDETGSS3Q3SSKA
52,719,719,QOOBT8OE
53,620,620,PGN2Q45EE7KX
54,488,488,
55,195,195,KTMVWW4X420GAC052PZZ
56,879,879,Z4QDMXDECQOQO3H6CR
57,826,826,9SBL19TSD8
58,736,736,UY0WKOVIAZQJSBCPM
59,859,859,IZPXHPBOJP3S405
60,680,680,VPQRITBUGII9J9OK
61,625,625,JU9GXGAKW46EIUQD
62,219,219,GMZUQPNU
63,896,896,Y624A0JKK5
64,897,897,QY
65,87,87,F7LO4FYNSVYT1KD
66,839,839,4LLF
67,171,171,3HRU5VYAKI
68,645,645,HEK
69,827,827,41JEJAE
70,220,220,6HZZ6S095IQBPTTZ
71,1000,1000,ZD7C3BN0R
72,482,482,326W7PA
73,653,653,D6WSHJ8P
74,720,720,
75,810,810,8WA7JUJ
76,101,101,6
77,730,730,25B
78,52,52,
79,126,126,4X7YMIMF8GSO
80,906,906,WO4EDZRUCVJCCAJF
81,190,190,8UXCDM1QC4
82,477,477,H2RQ6C0
83,541,541,QOSC7KS1OM
84,326,326,72ZP8YQUJ13O0U5
85,672,672,A4S60A0PUFIQS
86,469,469,KD32XJIC
87,834,834,SFHHGNZRH2
88,75,75,HXVG8X29VSG02YHP
89,794,794,XXLTXLZQJ
90,765,765,K2UO
91,938,938,OJ3MHNTZH9HQCEFJYXFT
92,295,295,GEKBVPP5H
93,523,523,03FCIUU8W3Y4KGVNC
94,664,664,8L5FUG75JBLY4TZ2GM
95,333,333,2
96,287,287,O
97,821,821,OJPLBU3G8DMWW1L9Y4
98,223,223,BJNXZ45HZ8Q97
99,187,187,HGW5VVBFU
100,69,69,LIW21VDYYJCK1
101,61,61,QG6C37H3
102,694,694,DEKP4382WO9C
103,631,631,72G4VSBN6X
104,928,928,AFEPYBNWI3JN
105,50,50,69VPHGVS989
106,929,929,VZBOSQ6H6EOOJ3K1DT
107,67,67,OEZYMXL6Q1M1
108,901,901,5K2CB7PCD6ARK66DV
109,679,679,EFU
110,94,94,QW1PR6KG
111,150,150,JDIJZ08P641
112,107,107,7P62QFTU78LCKU
113,610,610,BMGJSXPQE1M6DN48
114,954,954,SAI6UM0QQL9BR6
115,491,491,
116,149,149,TW2QK9DIYR048G620A
117,19,19,9B0GZGS1B
118,570,570,FNVN2JR2IQI
119,226,226,0
120,619,619,3MWHAF6BHLPTTG2A
121,6,6,711I
122,361,361,4G6WF0IJ1CBSDDJBRW
123,851,851,459Y8QAZ8ZAVZPZ
124,63,63,FADZ6TXKCH
125,282,282,3OQGG5REYVIX640AKQHC
126,705,705,EW40DW3B8PLRP7AHIUP
127,959,959,A0MXD7V5IDTU5YOS
128,34,34,F39N3Q5W
129,388,388,HWQS1WS4SDA6N50X
130,93,93,UVRL
131,281,281,IHV3Q
132,507,507,K7AG06QYFQC
133,532,532,2
134,58,58,6BIFSX8PAVA5LQD8WY5B
135,131,131,K2T6HF2I1
136,497,497,YOKK7ZGAT8
137,847,847,WE5
138,614,614,K0
139,105,105,6UERQHL8
140,743,743,8BH579
141,402,402,CG1569FNC3PN
142,934,934,NBWFHC7
143,131,131,6Y2ZYA7ZB2NN1TEJVEW
144,25,25,RENSXK0XE2OU
145,616,616,A5IZ57Y8O0020MUXDK2F
146,831,831,CSA
147,686,686,1EAAK9DSLQOVKP7
148,118,118,
149,173,173,2EMQXX601HME8YD8O
150,185,185,TOX3RN9EW62SUUHN9D
151,113,113,J4G3AI
152,251,251,QDDS
153,998,998,NVLE98YNYGI10X
154,569,569,MSXLOZJ5YCKNLZW
155,64,64,13
156,264,264,FX
157,843,843,F7FAQP2ME3C94YG
158,154,154,4B3Q
159,646,646,1PKDN2L
160,517,517,Y4IBDCQ6D8
161,971,971,2CX
162,78,78,BBUXF8ZKB7M
163,513,513,HUX3NH4GZTYR
164,156,156,PMQ29O9
165,814,814,892T458YK74RY8BF56
166,35,35,8HHHC3APM
167,576,576,H1ICA9LV9IBVIEM
168,553,553,0OH
169,673,673,AX231MQSPQUFMP
170,995,995,5LEOZQKVO8CZ3UI2M8C
171,302,302,J
172,65,65,
173,466,466,BNIS5JNV9SBH
174,484,484,L0HJQ2DVPNNX7N7
175,217,217,ARJ5630GXEB0C26R
176,72,72,9HLQS7HLJMZUU
177,231,231,
178,151,151,GO
179,447,447,
180,452,452,RB1IZ1MBQDIMGVLX6MGH
181,20,20,1KNH1M2GF
182,389,389,O36Z07YM
183,21,21,5WQ81
184,203,203,
185,914,914,Y90QU8HGP
186,30,30,E1YF
187,510,510,VBSTIAWKQ
188,963,963,ZQBNBCLHHNTFOQFL
189,994,994,99SWNA
190,17,17,0FF7H82
191,654,654,9IUI5T
192,279,279,FTKGRQFM1EXL
193,968,968,BYACFPN
194,588,588,WD
195,773,773,9K356WXFWVTYC7JWKSDT
196,325,325,MGDB7I2G5
197,421,421,JGK76MAG5G
198,975,975,
199,886,886,PRHZY4WT23
200,973,973,JGM4QTYEUZ
201,256,256,CAIS0
202,133,133,9AB8C2XPVC9D6
203,898,898,3E0W3K2
204,179,179,GH
205,883,883,MIZE7
206,545,545,54KJRSA6EPF
207,786,786,HP0
208,515,515,CMXAMO
209,353,353,ADUTHQKYAOV
210,23,23,8M3CMQPPVM1YSQX5CHX
211,34,34,GP
212,692,692,6WYSGUQ55LMS29A
213,122,122,JWZKNBV1QSELSR
214,55,55,
215,136,136,MJCXFOX9U4HWD5XVW27D
216,582,582,
217,262,262,4MU1W2NF4C
218,311,311,LZ9PCUMLN4F6
219,243,243,
220,785,785,IVSXIJLD25E
221,134,134,2ERVL
222,613,613,Z4HS5O5K7KRB
223,560,560,OFEI19QXLR0IU
224,656,656,Z9G
225,342,342,Q1P
226,24,24,2XQP4RYB0MR
227,98,98,PANV
228,878,878,MVHDC
229,711,711,9BU6ARQ19M
230,893,893,DHRB5YZARDR24PLK
231,652,652,4582PGHE9KNJALH5HW
232,201,201,3EGWH3L3I9PHO6MW3
233,265,265,6N1AXVDBQHS9
234,475,475,NS
235,196,196,GPN8QZ4CZ5K3
236,888,888,
237,492,492,
238,638,638,NOERB85SHLJ5C
239,320,320,B8C1O9PW9UN6JOBRA9
240,369,369,ET4V4CJ9N71PL
241,245,245,00QSIFQ
242,18,18,RFJ44PG
243,611,611,PA9TYA7D8P
244,2,2,Z1O752JJOLZSULR1PC
245,984,984,
246,962,962,UT6IQGROPTDJSARL
247,158,158,7E2K6SVQIF779I08IA6
248,195,195,6H
249,92,92,AUUU7F
250,191,191,
251,124,124,U6ZHYXMO0
252,111,111,R81JHGBCBA0KPW
253,733,733,PRQBX
254,102,102,AIVD09
255,840,840,2BVM5KE8NRCEJV4PJ9G2
256,166,166,85WC
257,573,573,MGP56G6B9ZFDF5HH20D
258,242,242,E
259,838,838,6TC3
260,860,860,78U5YA2X
261,448,448,J
262,45,45,LV77L495UA
263,804,804,A55JEOTA
264,461,461,T3
265,341,341,Z3
266,779,779,TG3D7JYLFHQ
267,427,427,71J689LXO0FWD3NNN
268,648,648,Z845BS1H32
269,71,71,KQ1NIM8BMUMD5
270,609,609,T17Z3
271,90,90,AX
272,624,624,H
273,991,991,
274,874,874,11QQ5R6JL3
275,540,540,E8VHEB0NDVZEHRT
276,138,138,Z61MTJ6GKI
277,244,244,H3FUJNJN
278,558,558,
279,169,169,MGZXA4M2M8ZB97CKHG
280,380,380,1FW
281,867,867,QI
282,84,84,Y0GRX4UDC
283,787,787,1PIFKE
284,520,520,A
285,830,830,6T7HZ63S
286,542,542,O
287,130,130,K9EQ5
288,163,163,LVAUHWUN
289,635,635,SXEH1YL4CQ
290,554,554,JGKUC
291,20,20,ON
292,250,250,SAS9YS1ZRPXCUGE6EG
293,801,801,QY520F1
294,264,264,AGIL77IQH45I8XMCNS
295,922,922,P06NYF0W5N7S
296,47,47,WNR
297,193,193,94P4BQW18Y
298,178,178,TCSF71C44SK5
299,662,662,BC39CBML543I39DA
300,206,206,MPHL2TUSKSKJMP
301,535,535,YISYMM
302,187,187,XBTN8P
303,774,774,4S
304,483,483,
305,254,254,T6U
306,439,439,L9J8HS
307,120,120,12JEEKKGFN
308,260,260,YR5REL5
309,563,563,G
310,703,703,LOTJUAXJFD5WFAR4TBBJ
311,641,641,J6573ITUY3KBHF
312,16,16,PVKANWZAI2CV0
313,148,148,RUKWP2INBQR4PHA
314,48,48,KXUEEYR1
315,189,189,EJ
316,123,123,N5
317,121,121,NTK69
318,284,284,
319,103,103,SDU2JTIJ7I0X
320,800,800,E0LVT3J0AJ
321,232,232,Z6Z3A4B
322,156,156,K54HJCFXID71WPNCN7PD
323,13,13,GEIT82CTF827ZCC9J
324,446,446,JD50N2HQAJNF3FXU4RM
325,92,92,B924254
326,255,255,WCA
327,824,824,455Z0FRFCHSS6Z4M948
328,531,531,NVQ9A1XH
329,952,952,N
330,184,184,Y8K
331,946,946,Y9YTO07BTHAX30
332,852,852,KR4PF8EWOZ
333,64,64,9HONUKLO5C
334,467,467,BJKGKXS03UGG32
335,845,845,I53
336,357,357,D9U7QPM5M
337,552,552,BEV49
338,305,305,K5ZNG3NVMS1
339,419,419,L01GKLZ1
340,391,391,CTQXR6ARFLB
341,422,422,L9D
342,663,663,F3AMYKYO1KMOVU958
343,601,601,
344,932,932,B9PPXC466PRZROB5
345,913,913,OEIRV1W6JM
346,300,300,L
347,681,681,5KM02WPDD9UDR
348,343,343,
349,334,334,LV0JORGTHGG7TID
350,320,320,7LUK6
351,175,175,QMFF3B5NE33NL
352,910,910,MCWKOR
353,284,284,KMOWUZJNSXE275E48N
354,17,17,NT1C46XP3UOAVF85Z
355,950,950,J9BM0
356,271,271,5OKDJ88
357,215,215,WI3BI9K
358,328,328,XAFS3
359,189,189,IMZZEEP
360,217,217,T1TF6FLJ6VM0
361,145,145,DCWNQ6TB167I
362,589,589,6YDJUTYHP1
363,909,909,3244D3K639
364,122,122,A2BN8V3SULWO8N5M0S
365,757,757,WNAEKO1PXXM1F91NA76L
366,789,789,EX7W6DWH8GJD1CH0OR
367,307,307,
368,103,103,65U8JHF6ZUET6XIQ
369,138,138,IDA57PG2NDWKMMG7EX8
370,238,238,YDPYPID2P73UQX5DP1Y
371,571,571,D5V3IMD7YMR
372,183,183,9N34OBGPCECG92TOH2IC
373,865,865,
374,240,240,PTH
375,378,378,F24533F3
376,593,593,2U1ODL93Y
377,94,94,FTGS
378,81,81,QV3F1G
379,534,534,A
380,242,242,3WDK6A9
381,160,160,6IRUFE5RPPR01SZ9GE8Z
382,481,481,234JDLH8PXNJENX1UAHY
383,155,155,CQ69LBW
384,153,153,3R2903EMA1SOIZS3HM
385,986,986,18M3Q1CQDXASAK4L5K
386,37,37,EJJEJ9OA5CY3RY6
387,95,95,VH
388,35,35,C8OD0P0
389,518,518,I3EDNJ88LHU2U1R
390,574,574,DFUIT3P94H81Q6IO
391,308,308,Z66QYBJJP
392,225,225,D0ESAGGZ
393,117,117,VHGEE495
394,247,247,6IEY5JVVKGF3AZ
395,776,776,IC8PPYK96WT1JRSMP5
396,833,833,C76EVUWEWZKHKHC
397,755,755,1V
398,241,241,FBM982BHC
399,176,176,SUPY0MWBXDUSKO9ME8
400,124,124,6UQQ5QXQY
401,180,180,
402,578,578,JDK935UJJVGK3
403,77,77,ONRXZLN3Y6
404,285,285,13J83WYDLUH8AK4
405,229,229,VOOQ
406,401,401,M8H25TYCOGFD021
407,45,45,BGZH7IO6EHCVUS
408,135,135,9FZEV25X2Z0W
409,485,485,2U9I2GJ8P824
410,336,336,AOOG3IW15
411,608,608,0
412,416,416,676JWH6
413,46,46,A3K7TSD8
414,297,297,J7XABSH9MWIZBXW9V
415,368,368,9C
416,135,135,TQVJ96
417,526,526,GNA4OVLQ3DVFP9ALOL
418,756,756,
419,375,375,NYYW4WHQG1Q1MDSYL
420,721,721,BGB65I0TNFI5
421,457,457,YBZGIOD0REVA2MTS
422,86,86,GB0A9IVGSFWA8
423,586,586,7BTSQMWAA7DJ2GV3V60
424,41,41,Y75XOT4ZP9HPIC
425,778,778,Z9U36G6
426,347,347,SWPFELPJP9Y3Z6V3WHWL
427,144,144,QO0PSWU13UUS6C1ZDPEZ
428,708,708,SFK9NS
429,465,465,Q6OKL018OQLOV
430,206,206,MF3BTTU4JS
431,259,259,LBX8GG54GA
432,424,424,5A
433,80,80,6BTAN3Q4760GXTZJM
434,410,410,W2ZO4Z8
435,816,816,GKE7P9T4NI1TWOQ
436,216,216,4R8ZIB4XN89
437,752,752,6H6T1DN6PZGQNT6H
438,235,235,TR8CIKDR9Q
439,924,924,FHJH0MX6B7RI0JR4AH
440,585,585,P5MFUG0VNXT1S
441,210,210,IQ7GZP1
442,53,53,06
443,550,550,198SRF29X1ZT2O0
444,161,161,Q98H6ZVHTJOBSAT4G4T7
445,966,966,2WHR
446,444,444,VLJX
447,431,431,RYPALRO32EQY7QQHM
448,439,439,UCXVT7NDRPE39YVE
449,56,56,D
450,311,311,07DR0RS24OR0A9DOK7V
451,308,308,HM80YPY5R3TTDEL0H
452,269,269,W405JO0P
453,866,866,UVAB617LDZCSBSNA0V
454,455,455,N
455,667,667,ND
456,95,95,YAR5C2J09K49HRMR5
457,993,993,814
458,689,689,LBC
459,52,52,IT
460,205,205,187I3CW928AFCIROET9
461,701,701,6H2FC15PGTHJPY8B
462,296,296,Q
463,435,435,FQH3LXLSATNX1
464,940,940,LVK6R6276T9QQPE
465,519,519,FQOFTHODHHQ9UVS
466,150,150,FA
467,511,511,2N55JB8KNUU6VD0EW8
468,385,385,G366P9FT
469,375,375,A1DAGLBM9L44L
470,521,521,0
471,384,384,NBVVTHVNT
472,291,291,0VH
473,396,396,V3HVAMHJPA2
474,791,791,4B4HU65M2YKX
475,729,729,T5QHMKG4TP
476,405,405,MPNE23MLTFCKIBYTPVEX
477,536,536,JDGGQ22PL
478,425,425,BL3U5JRKYCZ43GL
479,75,75,5OQQ9ESH2C6XB1JV
480,335,335,50YFHTAYAFLJFA0V
481,917,917,WEYV0WTMR
482,777,777,DT8
483,73,73,S
484,327,327,XXGNROUGSYZ7XN162R
485,237,237,4WC444TP0W41JSGHCK
486,66,66,R8KI22XMO4R7QHSN
487,278,278,LSBIYZUJOWGEH5PM
488,180,180,0W
489,140,140,
490,722,722,E926I4K8
491,362,362,DKQ49W
492,251,251,8OS9PZE5H
493,183,183,7Y2LVHW2SBQ50UEL
494,42,42,ABP
495,884,884,795D67MUFVWPAWM
496,655,655,4H3U2GLT3NYV454US
497,485,485,Z
498,151,151,W7P997
499,642,642,GUFQYRFPS7U7R
500,782,782,CAI9QQA
501,142,142,2WBWX
502,46,46,XSTLU35ZNXZ4PGB
503,29,29,YQ81KW6
504,301,301,IH3PRJE1T5R0D9DOIDNL
505,258,258,M1TFFYLOWO1LT2C
506,18,18,G74IXAJOB8OCKI78LRWG
507,167,167,9CKTDXHQEK60O25
508,479,479,2BCH547A8
509,1,1,DGSZ16WQ6VKPKD2YWN
510,360,360,BWG2OIFKY4
511,6,6,4AK9J0XEI04XVAZDRY
512,568,568,67JSW7WE4HM
513,615,615,YM2QA4AT
514,717,717,1H4H7YLRP5OLIXWLHN2
515,967,967,LSXWE5A
516,925,925,KP9H
517,147,147,D5QEBO9BNFBX0FP54S
518,457,457,77G8K822NS7
519,704,704,
520,347,347,7G
521,627,627,R666ZTBYDLZEQLNFX
522,60,60,9XWX
523,499,499,69MLIFFGQK9XYYLHE
524,657,657,IU
525,933,933,
526,321,321,NB14S22YI8U10XC
527,109,109,SIY59UGOPGBBU2E2
528,474,474,XLAJENDDR112XXN5
529,7,7,30WSZTVDFBQR4GUS
530,508,508,3C1
531,169,169,EVKSHSF
532,927,927,SJO6MYD6
533,784,784,XRF6ZBNLNL6A
534,293,293,UB3JP5B0I1GQNS2LHH
535,141,141,LF6LMGEJX6T
536,871,871,8BOPC2398VDEPYFB
537,177,177,LZ63POONQ
538,118,118,2ALETOU8FY
539,567,567,PJE87Q1RVN130C7N3IM
540,70,70,1MK0YNHKQVQ0CGVGSUHY
541,279,279,WVU17L2
542,304,304,1QPSY03
543,726,726,
544,382,382,9K9H1ZW0QJGQ
545,288,288,80O
546,21,21,4RQYR2FXO418E
547,261,261,SHELXP5VVY0
548,349,349,1LV6IP4LVB8
549,530,530,HIUJCVVSC3N9
550,960,960,N3Y79WRXA0T
551,969,969,HMB4SJG8Z3EVMJZ384YY
552,244,244,RUM5DMF
553,529,529,H7I0HU9JOJJ
554,246,246,0GKO3LQWOO61VEQRP
555,164,164,
556,274,274,X1RIWWU4OQJK
557,404,404,FRMAAX2S
558,890,890,JS
559,602,602,
560,937,937,1G53
561,352,352,HTP4L58XOR8H1544KM
562,376,376,SFHRVM1HZPVFO1K9QU
563,531,531,TMDCL6UBUDN
564,231,231,GU2AOZ1
565,110,110,IKN
566,13,13,
567,220,220,8TBJFHWE94THE2V
568,323,323,1A64B1EL
569,291,291,QW9O0Y8
570,96,96,
571,102,102,4SUAVCH9DC1KWL4GS7
572,512,512,IX6EQXPLMP95
573,267,267,I9X2RREU
574,174,174,2N2K1UA
575,9,9,87QUF8YE3D6RUK46G
576,144,144,MN1O1SJVUIB5VVAHG1F
577,480,480,31ZON
578,162,162,82TIJW4Z7N4K
579,494,494,XAKDG2XHBGC32QPYL
580,912,912,C0NKH2
581,873,873,YE1VNNDWVHFIN
582,523,523,MPWXMHFG6
583,42,42,0MYRJJDTI1HN
584,948,948,MN
585,106,106,Y678
586,516,516,GX4QBQMULWI8NU1
587,546,546,LDB4M0
588,823,823,2YTA9TI
589,276,276,9X4KOU18TRYX4ZF9
590,528,528,M3CTV
591,12,12,NFA2RHFC02O8BI9CUK
592,265,265,IDN3I3JKJNQ5FDSH5
593,160,160,R9QDEXUFQ3QH
594,630,630,8SNDRZBSZ8XWOAX
595,218,218,VI14Y3BF5YQ92CF
596,297,297,2DH
597,569,569,R01HULR0SGPMW
598,74,74,UKOCB5H87S91QMS3U
599,129,129,TKHVHKACCAMO93
600,328,328,VIU4P2CVIS87S
601,497,497,47
602,79,79,METCOZ
603,152,152,42YS7MIJ6PU4YZ58HOZ
604,980,980,8CIH72X2UA06IR0M3JO
605,266,266,9P
606,535,535,31Z9PG5BNPWURKHL4OFO
607,2,2,ON
608,423,423,6YI5Y02T
609,114,114,BEG7S7MPY
610,12,12,GMW82LYJ7T14E
611,275,275,D3QY0DNN3BF51
612,219,219,BGTZYC6Z9QGJ0
613,397,397,UZI702UPGNP
614,691,691,OTJLSWJK7
615,383,383,Z1616
616,268,268,T0HGD7S3T84Z
617,660,660,MZ69DNDGO
618,105,105,J
619,503,503,
620,563,563,830G0ZWGWG5
621,222,222,6H0FRKSK1LRTSSD
622,554,554,X43Y
623,466,466,YYP3D7523QJ
624,788,788,166C0XCREENB6O8L3IRC
625,628,628,S8JBCECMIYU8SQL7
626,354,354,W7Q61JBEWPZ
627,459,459,ZKZ7S9YM1
628,797,797,I04WFS
629,149,149,DXMEMMJL0QO7WFOD3IE
630,712,712,10
631,829,829,NKE7OQ154J
632,261,261,JSC5CXGLSI9F49
633,303,303,M1E
634,964,964,W2DFYT8FUVYKKOMWW0Y5
635,675,675,FF7YE5AYU30
636,748,748,2M85D
637,115,115,C4IMQTYOQIDX
638,737,737,28LHM5GK
639,682,682,XGZRYTI
640,519,519,DQJMM1YTPE0PERKWHYJ
641,108,108,5M0WTO61MZ
642,598,598,46
643,870,870,5NEZG6
644,602,602,
645,128,128,NXQFU86
646,392,392,29
647,944,944,A0WQQMTXUW6PJWJQMXHI
648,57,57,CUHO9HYF05
649,539,539,QUT5SEXS5
650,44,44,BQG77IBIJ
651,637,637,
652,565,565,QIX6E2G4
653,590,590,HUR
654,540,540,ZO2DX70
655,919,919,DY041H
656,276,276,YMXG6YZCWZECGNA1HYT
657,942,942,IGYLBYVDKX1DKE67
658,364,364,DKOZC6DJV
659,352,352,22WI679KI
660,580,580,C583MR
661,351,351,
662,22,22,0
663,152,152,2H3H
664,258,258,D5859K1GDSBOEV5BUN
665,493,493,88CKCL7GI
666,280,280,ILZFDS20E94AOUAB3K
667,86,86,VF7TJ8W1KVK13JBV7C80
668,434,434,3AFEFXJH91INENOARF6
669,190,190,RH5T70QDY3
670,317,317,
671,482,482,JYR
672,448,448,SF4BDJAU2EPWNLGW2J
673,611,611,M5L6E76I61O3GV
674,157,157,HBAV386BR
675,62,62,BUP
676,312,312,M2R0M5Z69Q370
677,93,93,SEA80334M7F3FUUC3C
678,522,522,5JYW2TQKB2K
679,350,350,V72ID
680,403,403,2TL9IGJLIP
681,434,434,CWMRRUKTH8EAJS12GJ
682,119,119,CB
683,230,230,U0JVW1ICHB0
684,130,130,Z6X04CIOV9O
685,76,76,1GHD31MDTV
686,58,58,L7VYJB4Q3A3SV5FEJUNK
687,734,734,C1TFJ48G
688,555,555,MM44BS
689,502,502,EZDRIK7YNM8NM3J
690,400,400,AG962IZ6VAFNHOQTN
691,806,806,4U9T1STVRXWLTK3GT
692,127,127,2M6V06V
693,468,468,5KGZWF0GYOWGFHD7
694,770,770,1AAHV
695,626,626,0V2Q0Z9U2
696,422,422,
697,426,426,N8E
698,629,629,1GKD
699,943,943,EKC8L9Y5
700,710,710,
701,418,418,K
702,467,467,A0G3T
703,88,88,0GPUTI
704,292,292,U4TX0TQ3
705,616,616,5GIT5Q13V6D2C8Y
706,713,713,7SKXVK
707,290,290,UMR55
708,685,685,Y3UN0VZL0I9ELYM4
709,394,394,HVU8S066D
710,904,904,OO6ELVWX2
711,665,665,FCDY37AAI
712,882,882,L4P399AY52OGNAB
713,565,565,T3
714,949,949,JP1KL3
715,503,503,IW4LQVO3YKZ24BLYSZ
716,125,125,YO
717,792,792,N7D6MYKKK3Z5QETJCSS
718,213,213,CQXQZCXQ8
719,166,166,Q5GG8X7K9
720,547,547,ID0V2Z
721,546,546,648N264Q
722,915,915,A
723,599,599,691TC0D
724,617,617,PA5
725,702,702,CS
726,650,650,21YQ1NZRRM
727,673,673,WNYBQCMKD0OO1ZI8AA18
728,694,694,UK
729,489,489,3R69Y7I97B3QVDKT9R
730,976,976,IDDWQJFPHQD
731,669,669,13U8Y6DM5IEGPWSDWP
732,429,429,Z4F1QQVFPJI0JU71
733,393,393,05LNV59
734,271,271,ZW6UR2SRIDZM24I3QO2N
735,268,268,UMIU5CQ4K4
736,899,899,
737,417,417,0QTOKYHP91H8FKVNI
738,604,604,72
739,862,862,J4AOZLP1
740,658,658,Y8ZG1EO
741,182,182,5PKX7T5AFKH3
742,49,49,NXWJHMJ0
743,613,613,CSOM288Y
744,143,143,HZ3QHHOBA
745,351,351,DK07Y1AB3XKS4ELCS9
746,586,586,RW2G103H
747,562,562,F
748,436,436,V5BEM0BKQKSX
749,705,705,1ZPUO54PEPJ8B4Y7UK
750,683,683,VO2EGPSL18J1Z
751,294,294,
752,682,682,F
753,463,463,B9SRAPGGS6AVCCVZE1G
754,496,496,
755,164,164,84WK3GVN
756,842,842,9EPWWLRLK
757,316,316,
758,414,414,XOJIPOVN
759,740,740,KXGFH24W778KS8WV6GG
760,120,120,7THIDNKKDUFL8L
761,174,174,
762,533,533,Y9ETHVDDP14GMM
763,197,197,7ECUQGX2U
764,711,711,JICSNB78LX
765,438,438,2M
766,78,78,CG3
767,766,766,BI4
768,234,234,R
769,171,171,76VR9U07JBXD0K
770,604,604,PX71PM5RJIAC4QBDLR1
771,709,709,GGGYQWOI
772,813,813,VZFIRMLWW1O2FB
773,260,260,ZHWG8XCLZ0L9H9A
774,803,803,XMGO
775,267,267,UTD4QHOPC
776,357,357,147Z808ADI
777,465,465,GI5C3NL8QFYNP
778,246,246,NJCHGOWMHJ4A92SPC2
779,406,406,5DB7RMT2GM32HHUKG
780,587,587,
781,88,88,SX
782,104,104,HU1
783,715,715,8TDJG02W
784,259,259,KQCCKVMMFZ
785,639,639,GMTEHBUK5BOJ
786,8,8,KISGI0L16ZW474A
787,277,277,A
788,622,622,2UN5L0Y246HQ6W72
789,532,532,1263
790,691,691,DC9NWA97JNV3
791,671,671,OMFXSHFV
792,224,224,JGT0W5C8U34N
793,398,398,AVY4OTXNUV2
794,552,552,IGC4APNJYTTTVD4
795,81,81,ATS
796,398,398,
797,853,853,
798,215,215,
799,262,262,BJYOTMYRPLRQEO04
800,498,498,DH4IH258A
801,159,159,2C023B
802,781,781,5S6LW0K64725ZF
803,221,221,69E
804,665,665,UPTHSGIXVE
805,522,522,INE2J8
806,72,72,Y
807,515,515,GJBDU32A99
808,661,661,ROMGMBAD5D2ORGPFQ
809,405,405,W
810,668,668,8AW1ADGN
811,324,324,D8OM8
812,228,228,T1
813,717,717,G
814,384,384,XKS4DVJX4NBDDNYH
815,600,600,K68V
816,70,70,NS5E1JJ
817,125,125,ES
818,91,91,OOOHSOFUII1
819,501,501,UBZ9F1GR7CAW0ZZTZD8
820,793,793,IWOZAZ0WREC4LQA
821,718,718,2A4UX19BDRGSPLU49SI
822,576,576,M
823,549,549,ZF0K0SZ5AAOWRP9ECHMC
824,776,776,II775J7U
825,828,828,7CG
826,409,409,AOTD1HC7H64TU5VVF1B
827,572,572,EHXTDU9SBG3BFOE
828,669,669,KZG50D0C
829,621,621,EAECYD516NSR0067KW
830,869,869,3SD5QABGL581HKPZJVFC
831,68,68,XA91MTJY9XGHZ9B05N1
832,338,338,WKVYMB6
833,339,339,0MC4JX5H444HRH
834,710,710,8RJHBEYE7EP6DE
835,428,428,EAN8YNKCX23TW1
836,1,1,KVE8N62UUW
837,970,970,75PTRS2TPUUJJONFME7
838,431,431,1DOUUR4R
839,738,738,CFSBVFFN4BBQ3BOQCV
840,200,200,0RGFNC1UG
841,82,82,ZZ
842,592,592,BODE27O
843,393,393,8RI3WTX204IWKQDV
844,773,773,
845,542,542,ZTLYR4BNEEX9O46BSZ
846,736,736,
847,432,432,QI3RGRG33KBIF
848,802,802,8
849,706,706,N90
850,367,367,R8FI4QGDP8YEX
851,116,116,EGQTI0N
852,916,916,KT3FURVBOIYLKI3K
853,714,714,PB2DVMX
854,115,115,RIR4TR0P
855,781,781,
856,676,676,OLFPWOIDJ
857,539,539,FB2VD56SPLU
858,370,370,76U284
859,838,838,VRYW0UI5XTMKZB6I
860,38,38,PMDYNYA4OYD9UTG
861,561,561,6OOGF11V08Z2
862,355,355,VD1OLDLQ97TNRBV4W3Z5
863,742,742,TNI1TNLIXEY83TLCK
864,364,364,GVNXGUSNP6R450W
865,226,226,2QJ
866,181,181,RP08BSU
867,857,857,NI9SBTIAJW6
868,889,889,95XEQT9
869,543,543,
870,815,815,ARVTYHQUFLN0C0
871,76,76,WYTBHLA6JVCMSLHH
872,446,446,V3DREZCBR
873,840,840,3AJMW5QHS0X
874,301,301,P0KBXLUY8Y
875,670,670,458MGHZG0P56V08GH2
876,377,377,PHLDEC631RGS756FHN
877,437,437,9ZSJXRJUPB
878,290,290,5DW48L
879,14,14,RU99EYPJWY
880,106,106,OKRSZS4XXOLUIHRDL3W2
881,442,442,K
882,826,826,P
883,304,304,8ZL
884,493,493,UDV
885,753,753,T0QWCE40
886,403,403,OU50QSNL3G0W33
887,591,591,1ZQSI3
888,646,646,AQ8OG0G9PS1LW2KTH7X
889,757,757,RXUPQW2VDNBH8KJE
890,413,413,2CM5T
891,753,753,8UI7L
892,332,332,68LLUBCWJY
893,836,836,YKV1GJCBI
894,461,461,1FVB3X6MU8PGE7FQW
895,472,472,86I74RNKYPRB
896,26,26,V3B4SQ9RE69PPVH6N
897,534,534,QMY3BNUB
898,24,24,OIZGUI3TD23M0NMU08H
899,601,601,W5EA41P6SRO9
900,891,891,ML9FPF6M14
901,864,864,KZPZC8BECX6I4OCTTW
902,544,544,MET5D1CFBTASV1AP4BQ
903,362,362,JG9
904,764,764,K
905,866,866,35QCLDQZIPQ
906,541,541,CXZ
907,583,583,ZL1
908,890,890,BHUY7H32I55WLXY7OY
909,798,798,X1WIKZAZTUQGNVF4
910,476,476,BS54ANHC
911,322,322,T9EYS41E
912,249,249,3FY9ZXHA7RPH16SDWW
913,272,272,3MEE
914,861,861,Z51LU2LE9QBPN1S8M
915,985,985,FPN3S3LLV88BHO0S9TVW
916,426,426,56A8AU3PV3LG
917,647,647,YPIWDYZ
918,557,557,6C6Y9MOURYCPKAI
919,411,411,UH8IV04NUUQBA
920,751,751,GWX5YT4A17EV3
921,429,429,8Q1N652WPHE67I3EWD
922,597,597,FIFSFBP8K
923,767,767,13ZX0E3T244
924,313,313,K7FRSML6MA1CNL
925,100,100,YMCH
926,3,3,H
927,872,872,OEE9730LT8E
928,500,500,Y8CNJ3MEUQ1N9EM46Q
929,11,11,7T4J1CI
930,528,528,I50HSXJNKMYS
931,84,84,A2LXCR0THVE3
932,74,74,6BUPAA0O
933,54,54,9T99QQR2I8X9XQILPL
934,551,551,K09ME6Q7SU
935,572,572,NSP5TSO2092FD6
936,302,302,C9LB3LPI33Z6U2ZIY
937,889,889,7K5JRWQXMK9ILWG8
938,718,718,HMH
939,473,473,PY9L1
940,378,378,LT0
941,879,879,Q475LZSHOL6Z49LI2QM8
942,204,204,WHHIMVXP24
943,573,573,MJIEDRU81ZXVKQT00J
944,766,766,V6RIT
945,116,116,QNZ4URL
946,214,214,1CLQ64BVD6I
947,428,428,
948,249,249,WRSUX6B8
949,514,514,U
950,373,373,ORN3U468BFID89TEFZTL
951,880,880,U1TV79XKA73IK2FH708Z
952,686,686,O6EEJL3SW8390UP
953,478,478,8NV
954,699,699,N17EVO7EW7ZLLQ6
955,388,388,FH
956,689,689,OTSEY0
957,425,425,J8PNZDCQMMYZIUD
958,50,50,VP9INA
959,114,114,UERY7FV
960,663,663,8EM4ZP9
961,809,809,L8V3JWFYUA4WOPHL
962,216,216,KU98E5BRZQKWPEZ
963,606,606,HN9S64Y
964,8,8,
965,526,526,4WAY
966,430,430,J
967,235,235,0
968,73,73,FU
969,225,225,
970,768,768,
971,303,303,3JCJ5V14W4A718S2
972,525,525,WAFA80S17NV
973,931,931,Z5M
974,653,653,G58ULS3QZ0
975,666,666,OQHO7SZYOJXVJJHY7
976,704,704,AXZNOK2K8U37PA7U4
977,868,868,PZO1Z6XZJAPA3U
978,48,48,KP
979,755,755,601XLNK4UHTMNOF698H
980,856,856,XSPP1RVYR9B4L4O
981,61,61,9SD0GVBG5WN0UXLN3F5
982,209,209,BCVTSMCL5P1I
983,762,762,CWGUHS1G9K44V3UOO05Y
984,146,146,SXWJ8UIQAFU4ZI
985,911,911,4TMM4W2RQPXIIXHOVJQK
986,349,349,
987,325,325,A8YIQY49Z
988,112,112,KT
989,593,593,UEJUDP55U
990,805,805,BZSTQZL9Y1JIDN
991,253,253,64MGP1YP
992,598,598,MACOCUTEGXNJY
993,964,964,EAEMMR0C1V97LIP49
994,98,98,AF6GMWW3851F0
995,332,332,8Y85BEBXDA8GF58APCN
996,799,799,8IYXOHQIJUBMU7Y
997,957,957,AJSV1D1
998,339,339,75
999,399,399,RVXFPRQTPZ
1000,605,605,HUOTDIYMM86L06
