License_number,Car_Year_of_Manufacture,Model_Code,Other_Car_Details,Current_Mileage,Engine_Size,Customer_Id
00178,-412575949,1128214090,5S5AKVN0IHYZL,23,-1862923878,943
00192,376893083,1781633010,TIDRHQV71W3NKGRCT1BN,22,1408559528,515
00550,1243762834,897980354,6F58AHYDIE0,59,885818057,629
00591,-1993260684,-1222670844,AH,63,567169289,566
00640,9718199,-896113712,RFZ9N7I8SXTV1,40,928369780,873
00863,1226561695,804274859,,54,1224278746,146
00915,-49428560,1410745719,PS4GQMVEV,28,,65
01029,1584566812,167444071,UEJ0X,49,-835583621,653
01109,1000270394,-935523529,DKRCAOIWP9A,29,-1533238942,471
01122,-1427221452,1795982717,V6LJ1L0,64,-1339056865,531
01204,-1216451991,-1672805405,60W34GLF,54,-503096677,537
01210,1146637180,-740088035,CTV1K4ZBTZONPD,65,877736490,348
01550,-2042390779,-1937202624,U8VZBVHQMVWA9KG,47,914698271,213
01716,-285810112,-343964742,ED,49,-521354053,915
01927,1808259021,2142108300,H4F8B9DEIC0D6ZCJH,48,1804048405,70
01950,-652422386,857761765,MKS573WU,21,1985462964,953
01966,446810505,1223517023,ZE,43,1609189313,365
01999,127886405,-1239454682,PQLK6WNAROX3,33,-1184998441,435
02003,712785842,265832715,0CCNISI,57,-1427140756,222
02105,-1089298711,-2041660113,S8O90QGF,44,234136175,16
02160,-824500569,-1053510274,Y2Y6H6WLQ7QX2,44,-667793874,325
02217,-1576064351,1082524479,KUXEMAFCKQ55D5,34,206254865,888
02409,1870935827,-2023022931,AXJ773SHDPNQ,21,-1842222113,165
02797,1123130345,303271606,XGJFY301ZF8V21LPUSCW,34,474797118,538
02874,-1867879006,-1676672947,IDUM,47,-817095585,392
03023,2059272924,-317570616,,61,-54598421,680
03165,-754615336,-1375621876,9X25LYV7E3AP2X7S3WL,51,641940289,301
03178,683163148,1334783222,,40,1982795124,21
03200,814698560,-1149884709,0,57,830426500,767
03309,1389588870,-1108971448,DPF52658MCL,63,894259347,257
03344,-2097265630,-1956944697,4DY0SIKZM486UVVW0PB,56,796130556,458
03437,-689847482,1834652472,9XQ7E8VN10,34,1989242045,27
03595,-2090778222,894191210,6H,59,252345909,427
03637,-904019070,133951465,05FU0ZLI4J9BV,56,1685576832,300
03739,357827849,1980538195,1M5TWGZR,49,-1780761733,992
03753,1995689172,-849926387,,19,-2144807774,450
03997,392259061,1034205611,NK,28,-889257350,139
04002,772701071,-884629290,AHAOMGI6D,28,-1150869896,337
04207,-1754705116,1405286636,21MCYN5GONJI,58,-512023952,258
04215,-1777679724,1119975533,67LKMXKB7E6IIY5QUF,46,677597713,903
04232,,2086955125,8VX28N0T8L4SZDGSGD94,33,1314466629,15
04288,-1764169449,229929352,DB9OITL5FMOZEV,33,-719432632,793
04357,302586284,2114085425,832NXF8ET,37,900301265,188
04388,-1348350685,-1437136927,B,62,1728011163,398
04442,1980949767,-1491876084,V8S5UB,36,-498316424,246
04458,-1751027977,-1969013178,,20,-842989308,741
04634,-916113095,-1589912435,317G33DUA,44,443559015,426
05028,-786695266,-102928098,JLH6BFXXOQ84C93W200,35,1497389427,496
05130,827464377,-1466875015,EAVH0UM3QLD73Z706,30,36590495,506
05139,-2100125583,1266972454,UD1E,18,-292355796,292
05247,-727639530,-102928098,2S2NC44S9NQBH,18,-590733189,408
05268,1801766820,1420124680,0ITT42IJB,26,605188049,872
05556,-1967973580,-1717450094,1T,33,-912656539,526
05562,371295652,723441475,I9037HYSIIR20O,37,-1485605475,730
05601,202730162,-329987683,UK1F,61,482985434,446
05620,-1140030767,1579357466,SSERHKG97H,46,630090067,580
05645,353393586,1872145539,U9BD485Z2,27,-124879014,646
05758,661880814,1877995236,I8LIL6I90,21,-685117267,330
05791,-601029547,-383614282,S6KJTKVN5D,40,756714802,433
05824,713092870,-366358423,99URCFR34S7RF,26,-189495101,338
05923,-440322684,-1055270270,HTRCKB,52,-13787831,304
06049,441493756,-2056770836,WG8UFW46D,31,-582442293,225
06153,-285553374,734867273,UHHWZM9JGT2,38,-879225059,790
06185,615506042,-1336396831,FDU9IK98VKBXOYLXDJJR,46,-579713071,762
06219,644919260,1151922468,I2VDP1ETNZ4KI1,22,-228184941,3
06246,1262297588,-402559963,056FBFBNDDOZWRECG,56,329846763,778
06492,2001012379,-2098409097,WTPJBONQIEZO8PWVHD98,19,1114276378,590
06555,-323436796,-1447012616,XWS9DFF88QJQ,39,-1301280815,760
06842,635010126,-286101368,JSR,49,-570180709,880
06934,1322744170,-806109705,U1K9V,26,1984908646,349
07068,288815812,-379738058,AJIMUUOR9SGG,51,-166442868,757
07108,171004106,1453118353,N12MT257VUDEJK1UD,64,-387448058,331
07228,1948772254,-1505306217,VWQYXW1ZF,59,1650010267,383
07237,1326945744,-526716132,KJW4ZRO62AYPO,35,-1080269775,949
07309,1980971659,-2125966206,X5EEWSEQO604QON0PA,62,,510
07438,2090709088,-1035732740,4KU5VV2YZFNTPON8TQ2,27,252071301,772
07465,62807718,1382086614,YCZFFBL61RJG,18,164314783,284
07493,860252515,-2066235814,X4H49KLHRZ2,38,1828248251,290
07639,-1481099700,1560842435,R7QH27886EKO6FO8KL87,43,1491556177,829
07762,388445775,270363609,JFOU3BTX3TFIYS6WZ2Z,48,105406702,746
07964,1201609813,1323112398,QHBT,30,306428727,869
08012,-1492466036,723441475,JQHOX,59,100845681,827
08312,-2055135708,-1036339860,VU1BM9G,37,282466328,783
08388,-1711855475,-946192765,HG33DJXZ5,52,-1711722065,877
08530,,-421612237,65XQ4R4MPEN,18,1254465558,556
08570,1169830177,-1794812274,696QAI,61,879629435,930
08756,-225395956,225503800,EYB2G3ZSYWZ4KX3J8WQ,59,623163720,933
08871,1733334030,2090423868,LNNDJEZ8MJD9,39,1063027985,244
08903,1277122419,37621809,BFNN,28,-499416284,388
08921,-121222974,1220250368,M3ZU3VSQZ40LQB,33,-1485101667,282
08939,887897242,1272918591,R4V99HR6X7WNFD,35,707821638,989
08971,728311516,-177013714,S9P1S7A9MZZBCZQLWE6A,35,-1400676953,263
09004,-248763760,-379868606,W44HC0JHHCCA53DIITN,51,-335734811,889
09106,226910505,367913215,8KPZTXBP,51,-943356292,745
09373,1911983496,-1204246496,,24,1892909071,391
09415,-308919449,-1965392599,2DM1886842HDZ6,65,-182089415,104
09804,-1646639541,498471999,NZG9H0E,33,1987602133,60
09869,-1736850153,1420124680,18Z5R,54,,254
09873,-739876932,331310948,JC2MR2RUWFP,58,-1635921698,821
09938,-798024450,-2106054491,MM6EROD2KK,39,-650781453,928
10032,822497879,-1530060691,DHMI2EZ4U927U,46,37759044,48
10180,-2091420313,-459335300,B5MPAS,42,-1639924414,472
10233,67808912,-1424933026,,33,326323522,297
10488,1385130160,-724015366,BQ44J46639N7BWJ,42,1669063426,264
10629,-784031819,-363413294,CRTKI62V9J7XNHA,19,-268548916,196
10703,-1845518362,-513396138,FDVWW8FIB81AUCXR4H,38,-225310962,875
10882,1459550558,-1772429905,JBS29VANTDPUE73KBV,48,607464867,676
10887,-204873886,-20128278,EW4S3FGO,22,-1969576436,40
10986,-189602323,-1630380008,TYPJPGRKTWHY6F,36,1267319980,598
11215,694651725,-1225624337,1HLR00QIWJL6YU297Y94,48,1663681598,611
11440,-1588298980,-1450006531,QXWC6B3UCD,31,-1907584113,148
11528,1210047018,-61878295,JY4G7IM,19,1613104218,600
11597,-429960731,1478524412,SZ63LKKC8JK,49,343008767,979
11911,213034948,218027736,SEO36PY5GYK0HYA,20,525136847,822
12105,-755974833,-1756433643,,22,-225523903,226
12185,879712865,-152588665,IX9J1YAPR56TS1B,59,-1165951737,85
12251,1915795781,537172907,KZGATA4WPD8XUO,46,1030721378,593
12347,1484655005,1593876764,7NDLRT5B7WLZF,62,1549254128,227
12536,-1717208384,-849926387,K3,37,1184311623,390
12702,-1287433412,1321870784,4U3VD9DQSLUFDFR1LRLO,23,4469554,164
12907,400630111,-1759402698,,22,1575329047,569
13015,-189381578,1623496111,YV1BKF6,52,-1165664018,235
13026,-1280949632,-158147145,R6JHDVB,65,983460331,776
13144,-1564520453,-765468108,SM9H6,55,-1863380144,810
13182,1900957180,1108293014,XKCH6RFWR3HT,65,-1138250493,982
13279,1852377977,-1277693460,BP0JXSPN,63,535364729,299
13307,-1015334654,-1881790609,9JEA7F,31,2110585412,99
13607,1917712690,47500530,,44,-771500708,283
13815,735845592,-946192765,31614G7,25,-1535041012,706
13892,-386226424,-478637779,54L2ST9XDM32BDE3,61,-755205388,954
14089,-1654291642,-359698639,,58,1819062374,340
14263,-1512752898,-1530060691,1JVG1L69L2N2RFZ9G5B,44,-1104365855,516
14282,-834508591,-731027514,0EOI9FCN8ZPWR,55,853206551,832
14453,-1104898572,-1858585466,40UVI9O1D2DTD4,64,1093148958,478
14530,1340888550,-1349805648,D3W0SXRPVL8K,41,-756594639,296
14542,1294861586,1617579371,AVBK,24,-1646727088,198
14715,501567024,-1121487091,GSNYSXORZYERQ6,42,1140381867,397
14799,-427138970,-1876909526,,62,-1160845536,815
14823,1502738797,454233008,KNF8X1XGSCWRBQISQOV,26,580566930,221
14837,178980813,167444071,BHB,55,922046598,274
14894,1298888248,1554731974,O5,61,-1424494154,280
15104,-1718799881,-243661855,41S1BBPIEY3TAUU4,51,-778375716,178
15121,-52986741,-193882642,2VQT41WVUJO7GYSZH,18,-806323986,517
15290,-921318000,2424028,O8VIXSD,65,1182249700,529
15358,1743588406,-327671347,G,,-1593106945,846
15376,-966953477,-1717032397,UAHYG3NBRXCOX,20,-1879142784,564
15390,-364467278,-383067499,UA7KUD5W9U,41,176482733,918
15512,16891197,1402960439,OU0B1QR63B1DF1AZ9,33,1190098490,892
15622,-1678455574,1986035977,M219WMXRLDN6CQI4,38,998043301,514
15634,-1679083941,-1512902309,7UVO1O,49,18319942,465
15661,-1137233511,1357406919,L6RZE,25,367568176,881
15805,279091613,421112892,8RBEP17O8,20,682008014,898
15868,-967816206,95243209,T2NUYFD,,-1529030054,26
15981,1569938489,682524330,MZHYKJ,19,784508982,807
16052,-1567209937,428872924,UU4JNSF9488P1OX1YXO,48,-620648921,769
16124,1060628502,117296634,85QYP4,19,378939909,327
16144,-682557771,-1014287281,R48Y4AW,55,-254375123,572
16151,-2044287330,-1077830740,JS21,36,-574795119,291
16209,-83091075,380805060,ZJ,58,-1467069565,361
16257,-205213495,28372009,OY7LB0H5JNRRJ,23,-1342707347,806
16259,1610647303,1581635498,ELT61HE5FY,50,-328041218,273
16277,-1282379689,-1788936445,OVG0U40ITMATD1ZH391T,61,-426276870,666
16304,-1505065445,-1637282070,J0XSMY78B2LMJ5SUZ,33,-1034413713,816
16394,949550841,-467813959,HQFG85MAH0VUHC,29,1054398690,732
16644,-872966180,-1102314698,OB0M5I,21,-2112957023,240
16689,-1871690656,-385958471,3KZRWV,46,1462108421,825
16765,-1532927619,-1934777974,43BYJVDIGGMASK6K,46,700359137,448
16932,1551818810,-212002037,3,43,30718347,179
17060,1784382103,-2087975025,RKPI3WWJ4H,34,219355284,565
17062,-1779462923,-1318236720,PLQGPSA3T0RAF7JUKY7H,59,311446375,839
17125,-217909498,-1978815400,QL71JSUY,29,-1347110423,412
17149,-245300015,-1715703635,F,48,-848043349,251
17287,-656665237,1192420817,UHUKP4L5K1R6XAU,49,459671803,394
17335,-1107283437,-1195178995,TQLQNB3DPIXR,65,-291869807,682
17337,-1907573082,-1146149095,XH289D,20,-1217938526,966
17576,-23658681,-61264489,QSLAH2PJHYE6DS,27,-906088451,799
17878,-393578205,1950043863,S,54,-1692564648,39
17926,1122251575,1209374609,1GCTRDZTK,21,-918565694,499
18131,-1152812441,1435654714,OJDKS5FRM7443P0GQS,50,1299302170,334
18206,-1223238551,1072908810,H5069V4APD,46,937068109,396
18438,-472523654,1007170918,RWEMVE23QTB,20,-1746478118,845
18565,-43306430,-1409307150,NVRCCUEG9GU,27,-423850740,400
18683,-592221774,-158147145,IJNXKHQM,45,2062963490,428
18732,-696234953,-1720336663,8DX656BCUMDC,38,-954583804,640
18805,1869084417,-1490377160,UUNA85LATHBLRIGIO5,52,356893957,800
18842,1450733214,1212723717,PJGK,48,1790217219,532
19001,-1275301693,-193882642,AEARPIO3Y9VJJ0P,38,458457425,420
19020,2115261451,1072908810,28L1V73ATRX4WZ87IPA,40,-1426898634,978
19165,103639406,-1079744616,5R7X8TFQOMFSM,34,-1472147298,947
19214,-641669945,1626289516,6R,41,2103135028,907
19313,223533376,659917124,0KHGU6J5TDG7AFLJI7KL,18,-1892401904,223
19389,1028494444,1616628347,2QHHYB8MC34JQT,40,2115423927,494
19580,810856185,699633340,JSSWMS,21,25784982,93
19647,226990053,-1192786967,GLAIV6YQVCMV,22,713990191,563
19874,577845769,-821566992,E3C5HKT28NUO,64,-1005166403,675
19892,991521225,-329987683,HJ9FGPEEUWD,58,114371195,837
20037,-473362380,19043848,7ADQN18ZM,,-472006048,162
20068,1717143123,-111657768,6ROB0JHSZNWR5P4B,38,-1036039874,576
20111,-696831156,-1652684702,Y2I,20,569081247,315
20173,1657821748,-432851555,Z2A1RK0TP,50,-659272334,140
20222,-1410082481,-2116067716,3C4OC0R,36,701136696,963
20268,1011554585,-2141535381,,21,109635196,835
20331,-2028135715,-1512902309,5C0DFP4N,37,1188417863,110
20365,1894029706,-595827216,HKYY,29,-152042772,863
20482,34856597,-863851998,ZOLYXQL0JW2,41,-1855100384,366
20921,4336189,-1108971448,04DC5G4RP0,37,1233288477,379
21113,1910521368,-731027514,5IGM,57,693230753,997
21181,1700338957,1797581765,O8P8RPGAY5FFYJ,52,1477254740,103
21242,1997895941,-152904465,MVETZ1MA,27,1367815370,333
21373,-558617442,186682987,DD2DZD1V9A87QSUKVJJ,19,301480517,901
21653,-423858349,-1365202792,MSBDC,21,1432421844,668
21806,-513074300,-2057954175,9BUAZSQ,22,1955364465,209
21820,-347118371,-1610317453,X29ECGMC0KFHF9QSIOS,60,1762953430,275
21878,382148568,-1493947004,SF9AYV4JKCXL,53,284108888,321
22126,1446737238,-67197872,7,22,-1190918780,753
22229,-1778200674,171525431,WIK2,20,-359917108,905
22356,1617188447,759842963,1SKL,55,1667368166,108
22360,-445241167,949648978,R,39,2002880070,542
22398,-679344444,1984120450,5GWNFGZLKFRMKZ1Z,53,-2115063056,444
22501,1876381145,1625266953,M6B09T1RRA59PQQGF,50,-822695644,936
22652,382477309,2061163998,YV,58,1845850578,9
22733,-1639225001,-1461950602,NHB23VCAWPMV1R8,44,-936126629,278
23039,750082161,1492642532,HPU,34,1502608244,866
23060,1970692122,-1682354033,AHU1Z,22,-1570731067,850
23098,604456656,1268001867,4LQ0RI8JXKZ8EQ,59,-207280869,847
23119,1685885888,940425800,J2ZZTV3XY,61,-409028993,489
23209,1715230230,-1204246496,CKB,25,1669958242,968
23212,1076530103,-686369778,8GAS9Y,64,-1883573427,744
23498,20851479,1226016916,4ZQM51VMHZ,37,-1855707940,473
23575,-1382690133,830061905,JW33ZWTITHZ69T,42,351186235,727
23578,1503570864,-1400702332,Q2NHQ854K6372P9N,62,-830592021,492
23660,-2138126570,2111550418,ARJO1G8HAQ8,44,-1159875819,456
23786,-494043510,-2056770836,DRPF8KHCMDSCYHODFI,55,-1993415143,897
23911,1465869380,1562589231,H3U69PX0R2QCFFSS,60,-840722871,642
24342,384440339,634940934,64O9AGSPLL,43,-753107480,725
24526,-1365181583,1221892991,WY9JBYRNX4E1,61,1729948884,623
24644,-763605330,591449613,8ER0DJQIW3AGGOBPSZJ1,31,-1604626707,310
24682,-291338200,-698911170,6GCT5I,57,1420152152,38
24683,835536638,-196792468,V,53,-1373514644,32
24862,35587344,-1868203927,A8XBABE,47,121042975,175
25023,1607535990,-902338091,8L179CIH4K506IO,44,1539204616,595
25046,1172782538,-2098409097,CMKF,50,984456138,609
25089,-2146611140,-1889997057,JVDQX,29,1449147509,154
25170,-575356804,-1829290904,PMSUQXXH962II9JOG,19,-143022411,794
25450,234886165,-987432509,K33TUTO6YT7XV,48,-1728407157,486
25457,-1512820782,-1029783268,ME7T,63,2139684398,798
25596,-1918175629,-152904465,,40,-2075191351,701
25777,1447180738,580639284,20MHMA9KPUSRBU7B,36,-1441139696,784
25795,-327754265,-1835908375,4MV08,42,-97388954,402
25830,-1859639591,1971808358,RHE58XD6Z,63,5953132,245
25958,-1106287091,1149455013,YNWA2DUTJYBJJUHV1,20,317010078,969
26169,-1644354182,-87615599,SJ5YKRFZ5IHJWW4VY,34,35319311,236
26416,-1016120754,804274859,2XH1XOWWV9VTKNN3FCA4,18,-308127750,951
26444,213937824,-1637282070,U3YQQVEJYNV1QI7Y4IG,53,-1346495800,715
26474,-650173585,1716540997,QNI2UIG33C,44,768193752,351
26480,2087724013,-1610317453,NDDR,24,546156557,368
26714,723214749,1630239521,E61J4WTUWDC16QRSGVG,23,27355229,899
26794,34086892,-693619913,,53,2080496308,519
26839,-262264921,-1864151430,BYWDY,30,-1662830535,482
26841,-744347498,-1479601992,9K3CHS8O71OZKVF7,25,508530534,577
26910,680048943,-237803011,CRS2IRGJEW9ZPU8Z6,33,-1556573663,671
26963,532573736,-961077078,E9Y301YY7SRDJU,49,1684763835,317
26996,-1097598084,-237803011,7U2WCATC3CO54COT,50,-510980019,260
27118,617479433,-1745910727,FT8OUFEHQ9Y,31,971097403,253
27171,-238752294,-2116750007,FZ0V8R5,62,1682495179,528
27262,396623983,1564836256,00Q74CFZ,40,586927856,535
27408,-625184260,-485361933,NUBN2IDD6M9U,55,595747367,467
27616,-587887644,1230170932,4AWQMZ1NA0HLZPDG6,45,62190143,716
27860,1264652441,-1775246110,JAFZJZB7H0JOS9,26,1730942470,817
27930,1922042450,17952026,Y4Z,38,-297850437,571
28022,-857886750,918883865,SBZP4GD6,24,656918799,937
28174,1724218877,-1218641827,XW,47,-644568256,49
28313,1410546255,-827548648,P5TQSZQUHTG3XCLRJP,41,540656870,449
28433,1645658963,37592510,RZOQ4N9EMWYPRGKK,62,-1577948819,159
28447,-107503287,-1883952973,FALGOKBF2I0,27,1804382250,106
28452,-248260101,968425560,X69WG3NXY70YWQNR6,18,-895036213,474
28797,96728174,-672806568,E0I,29,766749161,861
28848,1246413280,450513076,2ALYOOIFEMG6STP28GAY,50,-1053978630,242
28877,-1225358868,269344453,ENEIA7TE06FLGM8GP,56,105454610,860
28919,-587206017,691482193,UCZYJ87YZ,57,1597949876,298
29050,-384313328,-1108168160,CY,64,-491196207,218
29209,254100138,577923223,1DWZRLI0MPU1UT7W,59,1321581097,237
29245,-1186134919,-1632362107,Q2,18,-1158868987,691
29291,-349844066,1384214614,,34,-769837567,145
29402,-1026988997,-1023113265,FF,51,2025776797,604
29451,-2106955852,-486308181,A7FPBHFK5Y8YIN2MB,41,655887103,813
29459,-1917183980,-733419576,LJG00EJNF12TWM6WAC,59,-1050877325,46
29556,-578329331,-1056043485,RSC0IVSCYSCDLJ4LWO,18,-1524837729,990
29652,520854176,-1847738294,2BBT41HMRJHFUQOK,54,-1315472868,870
29723,-679255084,2100021267,2F5EL7F7YZ08,53,-664483262,272
29734,-1601352098,385364086,DDV3RZKR,18,1393018950,841
29875,-779238971,-2079414588,VRIJIVZRS,51,1160172080,37
29956,-21841230,-2066700045,53NAXHLOPJNNZT1DCAWY,20,-865167741,116
30012,571399035,2140780450,CQGWSJ8XMBYZH,46,449193309,152
30018,-491819883,-1146149095,IHB8G146G,52,554370130,437
30161,-658783079,-1292304997,4DQZAU7V,19,-1776363472,459
30184,-2039922216,309904597,L7J,50,-1696111197,117
30210,-991755882,1823412210,HFJDH0ZZDSB,33,1589965896,524
30212,562120215,1972838605,70,57,,187
30362,-2026860727,-1306583663,ZCAO7NHC5RVNEK6II,30,2068002349,183
30458,-1167853959,-1496492636,R,60,-577792087,382
30657,1996235635,-1597728661,6QK97X4J126,47,847550451,500
30720,-289263232,1372184698,0I,27,319889542,824
30780,1193745974,1928210646,4ZBL74J5U6ENEYIWT2,,-902668740,328
30812,-1739765617,1342418014,J486N,47,-448014943,96
30831,2112894960,-1268578317,0,38,-463961376,981
30879,382455036,446203510,1T6,51,-27145057,410
31116,-1788206936,-1064952165,6GYF80F,46,1389344819,491
31133,32185407,-934468183,MFUSNGTG9ZCCT,46,925159911,703
31364,-2078841683,1420907956,BN0ACA,54,2138222086,755
31437,-971596924,1616611934,,46,1053895916,204
31515,-1227327550,-1034707468,TBJQ8Z3K4IPP8UT8LSW,62,1195906303,631
31534,-1514454579,-1858585466,TNY99A6,19,1865628402,87
31987,-1937102770,1111055056,8L0ISEP,25,101292517,36
32133,-999638573,-1818786686,S0XF5,34,-529481071,30
32225,-1308454645,918477833,RD9BJ467F67XZ,60,-2044759389,812
32719,-690005619,1128214090,BC9WTS,64,-21529676,766
32833,1002509071,-333172377,677L1XW1VD,27,-394226492,965
32952,-1851932009,-371517703,F3C8,50,611322621,411
33056,-1365067971,1626289516,EWO6ZNKEPERR35XX,60,-1248590876,557
33061,-556181212,194251038,W,55,1433089931,205
33261,425045971,-2133904652,4P,33,-641372647,243
33277,402801745,327101222,9KA5IDBIKAH0XO,32,-1165007099,256
33428,1989448802,-971943853,D9MOTKTLDEC9RN,58,365320578,665
33579,-174154504,1279216563,BMUD95U0P,30,364276201,690
33581,1280860871,-896113712,37,41,-1327242252,503
34021,1380173750,-680729355,66R,44,-1950654128,560
34054,800976644,737209500,JSDJKXJYU6CXJKF6M,61,1029937073,84
34175,1420912315,765730696,TUG29M,32,-627943305,751
34274,697094658,406430805,4ZCNDGK86TYS9S,22,1914816117,991
34383,-690475712,-1198559807,5H4ZSHDOYHRFN44,35,-98646168,811
34803,2090163393,913978729,CPCDXB0DZ1NK98TB,59,1057531903,782
34824,-828316480,-258238291,ZCN9MLI5Y0DB,52,-933915627,445
34991,-897737824,-1370269335,DLJQPD0TORJQMNWUXKD,37,-1866108280,314
35173,1578560601,1405286636,POTOYD2PFYTE,54,-621134434,858
35222,761057441,-2023945815,,43,1565800000,127
35450,-877360838,-39713081,,63,129504218,688
35496,15339760,413229155,LFVV8VQ0AXJL9GPT,26,549645641,814
35768,-1716530063,-154694267,M8AMCX9P4O,28,457825396,172
35772,-1516530848,-350674300,XMS3OCHSARHEGHC,20,755590482,431
35785,157430430,134849815,L,35,-2140192518,476
35847,1677955356,-984620779,OKEY31,37,1651067997,191
35919,-95006077,-991089200,4L3Q8CKUE,20,38575871,555
36065,670196970,642602228,UBNCGQFTXY87CM3JZ8QH,54,-1542741170,190
36084,975593999,1255990616,Q2SPOU3QOR,49,-2001884655,908
36125,-788239817,-1949866676,L,50,2134489592,932
36241,-460425909,-250777840,9IWF79ZVIKV9S35V,22,-798304229,871
36278,383826125,1061206002,W7VX0LT8EHM75MES,64,-428894994,919
36350,1959021229,-788927806,6T0WQXOTRS6NVK7L,26,2096969758,525
36384,-1660553639,-1514428732,D34QJ5E4818WV5NS2C,27,535570342,628
36869,26559154,1203423171,TVTCQ,50,-1197826881,854
37181,1907743516,-2077630573,UBGY5PH,55,-877160536,189
37198,1510609821,-467813959,YSM9YENZ7P9UJ1Y,59,1138335677,842
37444,-255137440,-1914095583,IQLGG,27,,685
37479,-1137625695,-885188299,UUHQL7M7MEYGO,47,-1157695633,541
37585,-571322485,2047633291,SZRXU6FBWOOE,59,-1607081194,729
37668,-289975239,338862249,LCOGEZQUWIEG,50,-969317166,659
37892,-68197247,-1641548234,5Q85,54,662649847,250
37902,-521226486,-1705772800,UR4Q71IM9,37,2101341266,150
38147,538917510,1646858457,IZW7EJ7PS8942Q1,27,685104962,62
38358,-1541506784,1529695328,RHG2LKC6S,36,1976125608,738
38381,945816569,-1615143329,B93PBUTGK9ZJJU7LNZ,49,712968284,407
38478,-609478810,1703911270,GG2JVNH,22,702215608,79
38669,-1188276656,-348566232,AGQMHQTVA7O1W82,47,1929175618,956
38735,-2133812175,1847849833,EAMX7L3ORWLKW8BBFHVZ,51,-176623065,90
38791,-1747311345,-192814874,,40,-1389962712,47
38823,-2045201822,-1595682273,NQ00H9KZ7F5TXRZ,61,2137912584,743
38827,697177015,754674624,V0TO0NJ01,22,103787277,855
38929,-68782247,-762680850,C7JVF,42,1826731289,83
39010,-948388627,327694699,WLGYIJ4IUYI23M1HGMIE,38,-1376197937,389
39099,-1070906123,1152142171,AB3R8TWMVGXXLBZO0,63,-1068775542,693
39118,723518106,463990831,PCOUSX857N374NF659,51,-320544792,704
39186,1741612653,-126177852,,59,2107505999,81
39232,1033304863,1947464932,3L0IIF2RV47F6GCEKD7Y,18,1420655064,996
39327,1732387621,367913215,0ZW1YSI9RWRMVQ1,59,-133916803,422
39355,-375991673,895159033,7H17NLT6Z80P6X6J,47,,833
39664,-401745252,-1225795994,6CD07226KBPU30MRYMN3,56,-614868538,594
39703,-2006701720,760693087,,53,-2132267090,59
39872,271599800,1285161644,,31,-1760600877,960
39883,-558761963,-1195188429,F2WNL0BMXI8II3J3,43,-3816323,404
39940,359366609,61661935,4HRS5GY11GQ1H1ML2,57,-994143857,804
39966,-45550928,-1978815400,VMDZ3JM56B8KFKUD,24,-763176376,501
40372,,1532058982,VWN,63,693826298,900
40428,-1327423302,-761472970,ELFBMYR8GFVU8YGDLX9P,29,1506233862,599
40436,-667314147,-1617437523,,46,1876090335,220
40480,-472185835,1705662556,OFSF89QKQZR69IPJMN4I,33,-2082378169,7
40681,-1252114448,-901435973,MZVF17DVQ28M02,64,1692562061,33
40937,1310694205,-971047735,KIKDAE,38,-1323312893,130
40988,-973830480,887876118,D,24,867628226,975
40990,310102599,-991089200,KOY4XN3BTDYRQ,63,542635447,10
41000,416109118,-100306402,OAIF3XVY4EC2VXINPJGW,62,53228204,53
41101,314352504,-761472970,UM,21,1400928898,357
41419,-648884692,-560528093,YR8KY8TKJ27C,38,753039125,414
41440,-193396377,327101222,5,27,-1485827149,942
41465,867305927,619162226,RHZZJ,44,-1989218073,158
41545,-1612900529,-359698639,FKZJAUKHKJP,59,-713060193,695
41682,1507356350,-1888836312,W6ORG8AOXOCN,27,1581710124,171
41730,-1783113043,-764839000,M,55,-2016182961,986
41734,-874621550,669722552,,21,392708812,523
41823,-1415162435,-343240652,RGJLW83,24,-2129417037,266
41870,1609224914,637741296,VLYH,45,176901042,230
41905,663976521,698109248,N0HQBYYKCCXE9L5TCI,31,561357657,341
41957,-1789711918,-919235273,ZPBW1NCRJSWH,40,-652572145,750
41978,1444626365,1600202288,S76QQESREP,57,-582148992,950
42022,431543711,-1772429905,921P0DIRDBQ6,50,922326392,129
42101,-1947788755,-1949867213,6UDZ01O,39,476114357,441
42204,1243168403,-1004103014,456M9,29,1022477745,355
42514,1887959316,-1228852575,,39,127362853,174
42608,966318630,-1914102123,ROZ,26,,647
42633,-235572879,-817787482,M8S7WJEGRMS,59,-1356178566,20
42635,-816289762,-1787215752,5DKW7H4OSJ,60,-1820968161,780
42723,1517585226,1269748951,SCLMO,23,-2081534364,773
42744,-1454513421,-1034707468,7DDG9R1AE,53,-38899309,546
42785,1054737090,-1079744616,,52,673778521,911
42825,-818428417,2019090380,HFM2,44,-2025883588,160
42854,1892945064,-1259300445,O6C83FH8SRJOLSKBJ82,39,-935566084,945
42875,2074548964,892973221,3CC36NY,33,533255561,848
43174,1305127185,1808460819,GHTJPWGP5CC,31,1975876195,343
43248,1903146808,-2132289237,XOIMUYJE0BGQM9Z3D,62,-1251367122,925
43426,802242434,-990070860,EBTUKY3UT1HK972DNU0D,41,64646408,588
43455,1599362881,-83411777,FXUFUV,50,982117603,578
43468,1678842116,-1883120928,JPP,24,1581125428,830
43502,-1791280892,1753216270,RVKWGAH0FT121,46,1007124170,480
43517,1063614180,1032242460,JFENEBP5OROUD17ZGT,34,-2043872727,862
43525,505204757,-1762252737,M3C6M9ZHPX905DW,31,1954032734,455
43675,978719290,-1218641827,7U,42,-3950989,620
43758,-245529907,-98875971,QJNQ3,45,1216099007,728
43780,,1056883137,WWMZKNU85D6IB1MZT,20,1340360911,635
43841,282884600,-1012204433,H5MK,45,1611497106,615
43872,471940137,1527109593,ORPNRXTSVA1X6,65,-109722309,913
44017,205401711,2073757248,NB,56,185578452,603
44456,-925397765,494579525,Z0OVHPRJWB5XMEDTD,20,1316241084,271
44471,722052727,-512324757,139RBK42CQJNADFIJR,57,851453101,374
44525,-1409215401,-60509232,J8V3R6T8ZXL6G,29,-1017852019,522
44830,-570647350,-1409307150,Z5H1RP7J5W36M87,42,1367105484,487
44999,-859557267,670832819,SOJ3CLO,41,-1336049027,739
45077,-1510405371,-1665993934,XBW5Q6B,21,1437255961,759
45201,1238032733,519907744,G4,23,-5590415,624
45297,295773874,1396203772,DU2XHLCP,26,-1964812584,86
45321,580058713,-902338091,8VHFVXEXC0,26,-1966813977,413
45429,254507121,-339945076,A1UT4070,53,-1649898189,834
45611,155584770,1218536050,B90R2YHJIEP19L,27,-912793723,206
45650,-652989856,477380884,EGYU81X8,32,-2119396241,119
45727,-2098383486,-1553301208,LOHPIA21IGBNQ29,21,666573501,983
46099,-884373796,973397583,JEHUHAOBG3M2B1TX11,49,-960724024,76
46124,-1984478512,-1726003645,,55,111454657,879
46250,1475617702,-2044620353,Q13RY7T33,30,-2129028429,185
46385,394859388,195421063,K,30,1991731038,586
46754,-31880960,-154694267,ILKDX0T7YN4XJ,18,-1708821507,622
46761,627304767,-984620779,TJ504G,38,634680166,540
46770,-325793788,-617741074,JA4S51X6Q,54,-608674042,490
46861,-881048671,-196521611,WEJ30I9VOUNY40K23FP,21,165054090,453
47040,1229750548,-998602219,,61,-1556429298,912
47041,-175554193,-442565843,6AZTD8XGTI,55,-1906951166,998
47108,-1054123660,-1092540880,3S9SY8H,53,-1019614727,777
47209,-284609322,-1420296576,PJX4G8,55,147159042,203
47210,-271822967,-515493231,,40,1426207635,561
47259,505621164,358908688,0WYBCJ,62,801243368,906
47320,585935947,-1745910727,ZNFBFZJTUGJ0CT,63,900188854,570
47559,-118268820,-315287279,6RYQN,21,1077140837,462
47567,1983700320,-1313982282,HMEYMBGTG7C,58,1548368548,231
47742,334828483,-953782698,,65,853143230,544
47794,-358230912,-1029783268,HOUZUG8KU94S9ME98VE,61,-244970153,216
47861,1784034106,-314328476,Y,53,1657534700,747
47871,-157204526,-2066235814,NONQ4ZYUJ,58,1433190380,180
47874,-955264430,-250777840,5RCAN6B0,22,-1535258407,323
47907,-1499409156,747470280,5367ERABZQ89IUZJ317,29,1185889747,726
47953,644891257,272637674,0AF6LXGTVP5N1,42,-1182247899,308
48018,884385203,-1589912435,NFPG2UTR9B4J,32,467690715,575
48103,951309978,811620946,B0M4XWCB,40,806157031,955
48115,13999721,1557613440,,31,-1304587196,976
48175,-718766454,-677225952,XLS,21,215714227,625
48606,-13521054,1199285415,9AI9SXZFB1I8OS,36,-2038989349,424
48787,-2011086766,-1776766413,9N5PD7SG0JGN7QVPS,30,1459601135,270
48944,1831283938,-2131030487,V,56,-1717300044,6
48956,1691451706,338377199,OG,38,1864290873,401
49100,-931490581,-152671505,VSNBYMCL2XAWZIDL4W6S,57,382139058,692
49307,2092079480,259878499,LD9Z4LIAO,44,1645889910,4
49422,-1708760654,487678761,AOGGDDK8L32XMSBHJB4Y,21,-1741219623,828
49455,-237457134,-128647951,VDE8D22I,34,640841045,233
49526,-502331019,-2141535381,XXB7L,20,-786295536,508
49531,953631448,-1863135650,NPSGXRTXP196FI,20,-1223596681,931
49618,-240027356,254583569,,41,-652111918,277
49757,1033985494,466539363,Q4,55,1431730626,723
49867,-880867467,-1748914385,KYR7,22,-240309841,924
50047,-638541168,458680324,,58,-352758980,512
50096,2005970148,922225290,JJQYQ3XXXMEFS6YV,56,-713306106,51
50220,-1461996541,-1343589074,TYGYNL1N69B1HDAP4,43,-163433443,54
50342,776247684,-1772289865,,41,-1762435407,109
50474,-911846625,-621362722,,63,162249423,509
50477,-1646712646,-1980406620,Z,30,2072304387,261
50526,-1252470171,890674275,ZP4SFSAR2VQ2AI,49,1568811995,748
50635,-82124069,1865206435,Z6F6AHDMRQI4GU,51,857853296,698
50881,-116900847,422261357,0BY7E,44,48134648,643
50885,1954355215,-1474952289,X2QSN,25,-1225451197,554
50899,1347448291,-1262218316,TUF3KGEN4X11KGH,47,1931227510,717
50959,316687720,-2044750466,O,39,-1438936587,502
50961,1908907252,-2013396173,ROMHR1MVL5DABYQ0991P,33,-1816289274,859
50991,783117425,-1876909526,,18,1435100084,539
51008,194864297,-383067499,V90GFC860I1L,38,834222709,50
51083,-1369057838,-1969992837,MJM8OA18OO7DSHS67ZX,32,-1490266291,977
51259,-1677425778,629222761,7KQON4CRXB4,42,1415317344,916
51292,-626684305,-569312954,DDT7AY7J,24,-1615574702,849
51481,-887327892,-1447012616,RU7JRVMOJQ,49,182834782,573
51518,377338739,953467141,MEB7XVEPKBPLIMX0,53,-569970724,1
51648,956135436,823686878,32X84GF2KXH3EB,28,-1645124359,613
51722,-14069363,2091147729,LBR5R3FN6,50,1554245576,914
51752,993442691,918477833,ODOCX5S8NZTFYS66T9IM,24,1624601063,513
51789,145155319,-348566232,F10WIB3FEPJ1CT,43,-871236279,477
51803,1729395671,-87280063,FGJUNBD87XT7J,57,1922505432,883
51815,594844537,-1489898197,8O0YJS,31,-2034135819,592
51842,-1366766488,-1899216662,P93,31,380263531,674
51942,-683048002,406430805,VM5S3HZXY91444K4,45,-1752819087,641
51992,1420252274,-1980406620,8FTRS5,50,-198823333,406
52057,991268885,806224067,9J5RTSMBGLY,26,1402385197,28
52114,876824601,830061905,,57,-80244956,101
52375,1330417763,701563216,GW9,28,-709591382,710
52447,918906783,1234646246,WOA,56,-412579288,45
52749,-732348383,-1460786917,NX,64,-1705224303,768
52859,131226497,-2017964599,X0M8,42,-972094045,385
53005,-1023132564,577404143,9MQNX,18,-524487810,650
53036,-1233282831,1065486828,J18F69YAEMQ,53,1520082646,884
53249,-1529105807,306522953,R3MS,51,-672452288,153
53399,857565730,1262075923,I9T213A3YHHM0LZ61F,45,-1177405983,319
53420,-1873337751,-2063112021,JMHC8L6YILIJHAN1DG5,48,268738961,182
53528,-1500066770,-2023945815,802ENX2518PP3SP9FO,33,1010591583,210
53644,1696711782,-107741794,F3Z4,53,,71
53710,-1041751840,-177013714,77NCPGI7S9XR4FQ,38,786741413,893
53741,1657621733,-1907020057,F,65,-552932693,980
53906,1527787431,-1012204433,IKZ2Y8GF,33,11463371,734
54061,-1950367634,-1474952289,WX122FA0L,21,1391974572,754
54197,663713541,457779667,2GOS1RPS6,58,242576850,137
54222,-1723990932,43505401,A,38,-1797152645,464
54413,1156728676,1026847063,ZVZGLQF51,63,134615521,758
54598,-1594531670,1261217209,NTMZZ394E4YJXMLI0,60,-1790726565,995
54724,-535108054,759237190,6OM1R2JUEQQ6G,28,-1087510768,19
54940,-1719275154,-1206235933,THAFZGEFR,53,-940185318,791
55008,-164779441,-1507240143,CIW0WPE,34,-1500248461,602
55105,2069514329,-1222670844,VC1HUBOXIE,60,1771583784,69
55125,1427728410,97957043,ZJ587IZZ6CH0V0S6IL,59,1449402284,548
55206,-1170960743,989751390,FPCFGD1BXQXG,23,1106401082,252
55466,427015391,450513076,K4H87G9FHK8Q3V9VG0,42,-398737903,672
55538,-1631681747,-1715069682,,46,-479406529,987
55547,-795797424,1995437875,RT7FM6SAZOSNKJTF,54,-1497068316,836
55693,1211570956,1650724879,9GOF,64,187888952,202
55711,-580203070,-677531767,OZYHW1PJFTRX50Z,24,-1229967432,208
55782,906843257,-1343589074,4XK6C014W0N8J9GF,41,-173845774,247
56013,-1413690236,-492530450,Q4YBDAO8I28N0AX,45,-902980526,543
56098,-1691647778,1080886143,EG0JB9VT0J51J8O,57,41576001,417
56156,-1400317219,-686369778,9MKI5WQE15IROD,48,128616831,660
56180,-1105845163,166147793,1YQ1Y4SA,36,-1714742320,648
56280,-1573221071,-1682354033,7O51LYE9FZ35ON8,38,-1061767501,944
56430,-1495062550,124798784,7V3,26,1756638865,761
56546,84458679,389104744,80,21,-1254566958,375
57162,1399551489,-894273426,R4X,65,880307493,970
57192,1608259967,-1373693579,IZ3NBU1C3,50,1827134782,31
57246,-681448979,1576186454,KGWFCU,54,-276084217,926
57317,1103052599,559245338,IEAS7JF4R6G1NYIB,31,1944915267,13
57415,883282527,-2062623107,U209L1EC68J7XT7K4C,44,421246235,661
57453,-306199130,93518945,XLHQIRFJOLZ7Z712A,33,798436881,964
57548,-1056528597,-1887211047,4ZLS5C89XT1TZ6XP0BWH,51,79250626,485
57850,1009168836,-990070860,BF833F1572JBR3K,59,-614206002,655
57864,-69913892,171525431,TU,45,1340895816,82
57945,140908702,293227144,2N2GQDMB6S,49,211067563,651
58315,162801857,-1672805405,2A82N8VEKBC06VPZBYEX,41,1243534683,147
58393,1677916054,-739367772,T52MJ5Z2DFJ,49,-1098275695,479
58458,-863969711,-1203708847,MZFM4OFUPN1I6H,49,-952011522,118
58614,-1743979173,-512324757,FANE843DQI,51,,939
58659,1548209277,-303439570,O,52,-1883603453,305
58667,1511456724,313886389,QGO60BEOFECOCB87,48,-1833324101,370
58841,324575342,-337869704,ROZ,27,54844244,920
58937,-197343418,647939231,V7VW1JVM1GR,18,1733356456,495
58994,-177349740,1148856217,8JXPIRF9EQCIWK0822XG,37,1620339346,922
59051,-1720327413,-339945076,MXC7XVD56F7ZRGTSM,62,326958347,946
59075,-985460261,-827548648,EY,36,711764592,217
59202,-1602036509,196672130,QBY6N969D0W5PJ,23,572114631,29
59219,-701413157,-1873166639,ERUQ8BKKFZN275ILDN,20,-2058068518,268
59285,2113817642,763239981,DG6QRUOG,42,-1785970542,346
59584,1921246553,1730512804,Q8,61,1041140574,344
59624,-742066976,249274839,XGFW0PMXX4IYQMKCO,31,-406593006,687
59692,700903983,-967933532,,26,,124
59721,320994416,1452999920,TAKDMDA9PR828T9BJ,23,-826495772,122
59759,1272232581,-148921219,X6AR5457FARUQFZMV40B,19,67622793,14
59939,152198434,-61878295,V0CDR6OHJX49ADBWL9GO,23,1298838864,135
59960,334940283,422261357,YTNUZABMRM6Y,36,-1828546722,558
60065,718084507,64206552,FP2O,38,2099484350,581
60081,1683308119,-126958967,3PFP1RQ,29,739802583,909
60211,-146656991,1596648855,S3SYJLVRHW4,21,-167522052,55
60240,511752428,1443199043,5ESGSZ7,31,1256074968,22
60446,2086411815,-1774255582,HZVSN7B8M,46,813886646,248
60518,1105752841,-2073260266,YUEAL5,52,-281021486,241
60564,370941400,1957662855,LQX0C1,24,30943665,126
60724,-630930611,-1461950602,BYZ0W3YBOJB9I9U6VXS,47,-207444922,530
60772,2080257260,-453019707,514HK6UKVA,32,-2117143830,795
60806,34883571,2118850615,,51,-398477857,169
60887,-1303756779,-1743413126,,34,2099965233,318
60945,-657783729,-1123164333,SB396WLVGMW30O,28,2101755065,373
60960,-2115701012,-1662487859,87RZ7OLI,63,1663956909,316
61055,1174350208,64206552,2O2WHHWC3I3WE,46,1008344888,92
61058,2110840916,1272491072,GXXICS7RP5W9EIX,28,1532450913,262
61109,-1426991479,34335754,GVHY9MTD6VY0NIKT9W,44,1196631720,585
61383,1528968177,-343964742,FZ7G,55,-121567129,696
61402,1665659588,-1997811081,,32,-1321739502,493
61543,2032305897,-917692518,IOTPD3NOMFXWMFCC,45,553387431,91
61654,-78790649,-1132210834,ZXW5T5XJW30,56,-635772672,484
61688,910445565,1124191194,5ES,35,1543657578,89
61806,835297143,-1507627341,3FAWL56,57,1558261305,177
61920,847429179,-424294329,DW9Z,30,-757745621,679
62192,-961091767,-2034375250,RTJ9N4VPKLZQX08SEE,60,-692692235,24
62294,-412404498,-135693738,FIJONV2K2C42H6,31,-117227135,938
62342,238899569,-1026302991,D30Q3I2DV6RRUABW84,34,-1371257236,293
62359,,811620946,54TWA6218F0QFHB,56,-1889495645,457
62372,1561819845,454233008,7D82,49,1514881882,742
62537,1760158269,-486517419,1QYFZ1LME,32,979453735,614
62538,-1479721575,-370306578,HL1OSJLR5QJB,39,1470680212,736
62544,-1909155496,1082524479,1XQNJ9RA01V,35,415314120,364
62555,-1455493291,176527898,P1UNRTZMQ7PU,55,-1952935826,844
62575,348617566,-307973459,MAUPGS,64,1833644282,764
62644,1620398271,318954076,L7PDO0ZLS24SR70D,25,51801737,826
62823,-1751386254,-1228852575,YZ27DN4,26,-746200265,359
62843,553138883,-1829827341,QOCBSZIBE9XS2P6A,45,691409837,432
62845,1474570617,-1655694426,FVKH69V,18,-1876725613,212
62930,-66064525,1826549945,EU8GXH,23,167400767,141
62979,-1305981193,-1192786967,TNZPRHIPB,62,663813869,176
63009,-1738905369,-2052161267,JBMWIIC4,34,822288887,895
63028,1018216257,-690768950,3NV38,61,-1023683271,985
63064,1591578798,1357406919,EE2VUC2HFCU,40,-2046465186,56
63126,511141593,246808676,H,55,-1256163455,289
63187,934094904,-1567052588,KWUROW373FX4QX01R,21,597281478,360
63264,-305013780,1380532307,1QBF0Q47RGC,57,-1484618220,630
63298,880004990,-1493947004,DUS67PHJW4DZ6L99BK8,19,-1348872571,163
63361,1786968229,195421063,ZV3M9F04DRTAZ,48,,720
63412,935933089,1197904686,0NU4H,23,1769574598,481
63504,-745671921,-1277693460,84SRLKJIES,58,1824591530,429
63515,1613846865,-1831197655,0I4VEXTDWUUN,49,981455636,161
63621,-413998177,-736953155,ODRQPKFPROOLVJ,61,822169828,409
64185,987909286,-353475366,H4I4WWB2,49,227731127,607
64201,-1642242301,1065486828,JPBVJL,26,-154816127,890
64226,1464504799,-1400702332,15JR7,26,1123731602,371
64238,1439724074,1233597630,NNXS5ERSQRA,58,713115127,819
64377,100587764,-476126883,DW1TVZRH678A,52,-428737718,339
64408,-1786985864,1894350706,WZJITWRTQYES1E9,34,-2067927424,583
64543,-98465336,-1293375205,N6O3AIA5I9TSY,20,-352749188,941
64632,1168383603,-1772289865,E8HRSWOB4PC0HN,44,1639295162,376
64815,50720005,1172759407,XZXY0B5R8EDPMCRY,47,1217000793,194
65246,1602333398,-989179590,MNL07I18Z9YWQ,20,-415140102,786
65350,291677818,-693619913,,42,-1385418474,425
65404,591567628,-1892292419,6E7548EDZ07N27OQ2V,41,1744568004,123
65487,1522957810,229929352,G0XOB7T739U1O9L,27,-701776883,336
65566,-2118367774,118405579,1JB0MPC9MTM1S,54,-1593862794,788
65923,2052001338,-1460786917,,22,-1241086365,66
65996,-1052482063,708105368,1QS,62,-1200587266,974
66029,386273515,-478637779,Q2SHXN6CY8,20,1940184721,128
66110,1395750601,-690768950,5,55,1497337562,547
66276,211185608,-1690545225,PYVL6,51,-1873689557,608
66297,-919906707,-1085824578,NTPR6,18,,393
66343,-213756525,-520288642,WKMVB5KG,21,165741405,418
66507,80476291,-1956944697,7,23,1808720560,77
66754,-352722661,440280050,BDP97ZAV8W56,20,-107781542,962
66765,679625836,719190852,NH4T2ZC,40,-1684807141,809
66818,-1286211783,-1641548234,UN,35,1780713103,399
66904,-2143807739,-2053318733,O8YIGMI0Z5RCV,38,-136372906,143
67005,262585509,-1864151430,8IP8,20,-1705567135,967
67025,881747344,-745837834,3,37,210752640,994
67059,-1257027612,-405372947,3XS3T5GN,65,-537565603,475
67126,-2086837702,-1203708847,UCIKJG,63,443629688,864
67177,1987498032,57901091,0XHIQPM2,22,-211269874,469
67232,44163052,447326918,I1V2FZEP2AGI,57,958194259,112
67288,1425360402,-136220114,NIAU1MQBPCO69A,19,1077514932,894
67300,-1479021301,-1989293757,AODEQG2VTX,64,1954422328,649
67306,499520910,-1507240143,4C62BD40J76PP,56,2069585448,662
67309,980967610,-1622881476,WNI9RZMTW5GI,29,1567013122,142
67454,-1579549242,1714756396,I7DPIZWR1I7H7N9QQT4N,51,1249366127,362
67516,-1705132176,730197458,YLGLDZGCK9Q5QE,47,-451027406,874
67569,151343647,1353003138,S2ZXJDRGHS,60,-1629536876,326
67806,-2081155061,-1006560831,PHQ0S5QWA5,54,-347089245,451
67830,-756725973,383528179,DBGQKQ0P,47,2063485820,652
68054,-1221806014,-1965392599,QF9HB7D1MRW8,45,694683829,957
68120,-1737336051,897618488,IJ1CI,50,-1560849957,763
68208,699881588,-1690545225,789QJJT7Q5D9F27EIFR,41,,958
68324,1897058907,-188905830,AOX1MFT3UVRXVGBVJF,35,-589769636,626
68466,695701397,483483978,,44,1228624581,52
68490,1099373171,-1092540880,7Q0OOADI8FHHJI,19,-1138965926,553
68541,1341638591,-38103598,8GROYOWJ5IT9IFJGMATI,52,-807371596,618
68548,-1105350261,785169892,4MWNCOFJ39SJ3UUCT48,25,890573330,749
68568,1350157094,914540406,A7SCTFU1J1MLVG,57,363879825,41
68572,-1617834179,-1492355652,M,21,1701363280,673
68598,56587319,-1818786686,NN30VTAVLRD,18,-2108894393,840
68892,-2140497789,1660693081,T00B,65,1838525615,709
68940,152368499,-1474964371,P2WAITTBCC,37,-1817732490,287
68993,-691245392,-1665993934,BFDQO4UIK6N053,61,-1780806978,306
69050,-1122420472,937637451,BJ1RRAV0KBMM41D3FDXL,58,-15065893,419
69061,775560729,701563216,L,18,117882876,803
69179,551071582,-1433236024,35M53Q2D2HQX7G,49,-377922475,536
69460,-863748191,132507245,SUYI9B6MM,43,1273720556,896
69853,-1342808264,1234097800,9DHWZRF8,62,831760541,88
69868,-996292557,890674275,XIT,20,-1060246974,125
69892,328655635,-1829290904,6,41,1124256771,377
69925,872701503,1333371155,FC2CHA3NRZHY3HPE,27,1347943255,434
70162,1253339544,923457525,342EI8RNWO,41,-56187424,73
70252,-2108582241,176527898,SD2,62,227935219,285
70449,1015319374,132507245,RO9RJN8A,57,-1854946000,378
70456,850377595,-1338870144,7UYEKJ51Z,45,-1501854136,234
70461,-806993153,1900954655,UF8ZPZ,26,-1283849800,713
70531,-367728267,-1191579992,EXRWIEVRAR7PCRWP,55,1760172705,320
70888,-406642680,-1889997057,Q8WVQ,36,-63483192,332
70955,1780653868,-2116067716,,23,1742180861,785
70963,1634393754,-1726630711,L1GG,62,-1902539222,617
70964,1779284285,-1636474048,LVI0BXQRW,32,1220469877,78
71041,-1311298376,619162226,WNG,59,-2072575477,887
71142,95036250,13772118,Y3S8O094K1,23,-986082691,466
71256,,502691105,3VY9PJG9N,28,-407275187,694
71294,-283232921,1180136418,YEEHYYXP3FQAFMRM,38,131861112,302
71404,-628985510,-1687051608,YGZRQ,31,-1016035880,853
71428,,246808676,YXD,21,-1959709404,621
71633,-450544197,303272669,DQ9,19,1465328512,511
71697,-161540721,918883865,5IRKGXHFG6OM9BW2M6,53,-358998963,820
71708,63291469,-954460727,06XC9KJR8RE3UJ,40,1141912602,95
71859,1192388034,753598494,YY84JBGCJ1L6,38,1232108488,634
71925,-877981138,-1225624337,TDWO6WBQ,48,-2142438504,61
72060,1802452515,-1910087065,FLTN0R5P6G4FV,47,-2077879231,521
72145,944778748,568416147,6Q,45,1710898681,288
72147,-637729402,-1787215752,,23,-1409339720,702
72356,-912744116,-540178615,LW4F48ZHEX27KGM,60,-239709774,857
72362,790547406,293227144,4ZKPTNJ39,31,-825090634,712
72368,-435030302,1361914306,8VMN0Z61WT,58,2086448358,68
72396,-845600401,-454648419,S,58,-1483031332,612
72514,-88119586,602485149,7P1UWS4SWR4YRKSFY,60,1071673390,498
72553,-287244071,-811151141,CT,55,-581011522,669
72658,1931986065,-1726003645,81B,43,-261679370,584
72789,743049766,-961077078,QAK,59,-766144209,352
72866,767756253,-745837834,3Q,58,-355303736,891
72879,-1804947695,-1403846002,L4BB7OTMY4L3O,41,238508927,740
72906,456096191,606933801,30T2KVDYP1ATFQG,38,894202921,35
72921,773238641,639243444,5N6YKE9,47,-47838141,72
72952,-2080630249,1650455522,BW38JVU098I7GCT,45,1716112102,63
73020,1257960535,-2082825764,I25DBOL0MILO8JMTHPK,64,-1333669996,878
73067,-1389131569,-1868203927,A,42,429455253,805
73148,1568612919,1736758468,20OVM94L3SA9PRUVW,49,-1077886847,721
73159,-674552992,887876118,G5PYFUGKS1S2CV,35,-1979382341,518
73322,-1029959678,504660565,06T1C0OAF2,19,987512492,520
73338,1412305858,-1528962950,KMRRCY0,37,1548567949,312
73354,-419663674,1462948304,LACOVVCU4RDGT0HGB,40,-996382633,796
73457,-1607117843,-1216853595,C,29,889016521,97
73497,-1275569225,-6804992,Y2PX0E7SEPNUO3JNJ1XM,37,400012365,131
73683,458812098,1318326482,V3F096045D6J,64,1330358598,771
73808,929086524,-106874188,14L68NRQICF48UBLY,25,-212057180,173
73843,-939503973,-2079414588,IPEZJVYY6H,56,-1593433574,311
73850,184760249,1524792163,NN,32,1795765828,259
74087,1182017995,1797712003,C1MWQRHRHP7VQIZ,51,865156848,105
74381,-1928240019,-478535023,EMS437CRSBOZ9,32,925953518,181
74502,1725317494,-1469199688,XK673QTQ,,1827162498,718
75062,-1800095706,-1239454682,TLT2Z,26,1915154246,961
75132,-1015907732,-1276467143,7BV6ZUMIMDCU7MN6PZ,49,-2078626096,5
75213,-2077532475,1863092646,HIHG0PV,25,965480235,656
75333,700587821,-991039513,IX7,58,1236060535,610
75338,1484447913,876158798,M,60,770916031,309
75411,-883388357,-1370269335,86KII0R966B5,46,2119607692,358
75448,-367778103,-762615476,A64XG,21,1697624888,483
75700,1582294642,-1103867168,TFOLFHWYUYBUWDK9YVST,35,-1655678230,551
75798,2045102224,1967678517,5CU3BU2,36,-627712827,549
75822,1298426061,-1997811081,ZFZ,43,-637518867,582
75897,1128209484,-1469199688,B3U1Q71IHQ,55,-203194722,255
75924,294962788,747470280,U8OK,55,1133286080,168
75959,1872716570,1987158364,G5ZT,22,1442346129,192
76166,-1918795710,1422264196,LVVTEV,52,1371140157,156
76177,-1981945796,-1666509446,NU8E7BGLTQF,60,-762091919,681
76456,287324857,-1615143329,604DE6ZUQ3NODMY8E,25,683678903,415
76547,1666194225,-473755695,W7RBE9K,48,526937740,645
76618,-1408716009,-115611197,8RS,18,1974038506,507
76650,-97552330,-109347202,QJVL8GAVK,61,-963666311,381
76836,-357929132,374441892,U,39,-1780930452,779
76928,-974495336,-508132991,LL0Y,18,-2059439384,279
77141,2132498828,765730696,B7920H87ZUXLH3V,48,417699113,638
77143,844445488,1855858748,P,26,-2095138082,463
77145,1659789399,1542587814,ICG,44,449918177,904
77394,-1545228656,-2063112021,O4LQ4HTY,53,-2021161061,545
77434,1100718995,631729660,2IPC4037DYXXNLECB9,50,-1182866924,267
77566,2134775698,-1035732740,,38,1158472920,307
77577,938066436,-467337647,BTO4FRHQR3436Y,35,-191868219,708
77730,846222987,-821463756,B4LVKPYN,60,-743288522,923
77768,-793480635,1752191691,YC87ZTMMZBGMHYUAN,,-2077901039,851
77822,-1511146816,-163059523,K51JM96,25,329526164,752
77993,1014555210,-1756433643,G,48,-975225597,993
78384,-685377036,1764370506,FJJQ1SJ9UEV,47,533472627,294
78391,-5959757,421112892,VAQFOBDMR2MI1HOF3AG,19,1447380493,342
78438,,-1375621876,8PUP5YB8DWGVFVVJXV7W,65,1906213803,98
78448,624166344,-1830711424,E5EUARYDL4D1P93TMI,,1969953261,601
78650,245916324,-1969992837,JW9HMZC6DGV,58,1234362587,313
78709,-475340824,1989477045,GLPV,39,1534428420,550
78864,-763561144,-492530450,5L6Z,56,-1998565521,
78918,147404835,-934468183,P3MEMUGE,21,-1288754070,11
79204,1061733061,897618488,8J3BU1NBODYC,44,561755939,228
79222,135709067,894296861,E15FVEZP7E,34,659337998,770
79228,1688045463,1393584674,584B,65,1877909986,395
79259,-1815748780,-1507627341,9R7IDQYR74G0,36,1827823531,497
79399,-1182699337,1596648855,A6X2UM3IL88MI,20,66970493,940
79463,-1557880403,-1687051608,M5FVACNCER8N4YJH41IP,,940240311,636
79475,-634403045,12719837,CS4L4TSRQV4X45JR,41,1301346992,186
79707,-413989471,-1023720367,CHZ,46,1232062810,591
79722,1933179805,-595827216,X7ON32,19,-197694791,657
79740,-608099498,-152671505,6ZTHVWJM40AM2,41,-2059841482,12
79741,2001534263,-47736146,1,53,-376458157,927
79767,1252108495,-921597837,57DGYQB0O6OGW5EDO,60,-1885798476,533
79789,-799507633,-1404509043,ONA4Y3N,54,1184654232,865
79926,-456922906,-486308181,B9,54,1727108777,470
79932,772209716,-2073260266,8EWDTKQGSAG,56,-1363158526,505
80060,1623761044,1756988675,R,63,-1704825216,654
80210,-313331876,542526760,09EN6PNFUETXI17DN,47,1921103964,102
80369,-313796984,-1847738294,BRYWSAVUZY5AN3,26,1555521483,684
80407,-1153982856,1007170918,Y401DK8YK3OSDU,23,1360422700,57
80438,-497054170,-1023720367,UIXPWYZME52ZRGIWNIML,50,-1019510964,232
80447,458736966,862355006,MAY68T26KY8,56,-1742811567,25
80725,2082193663,-1041276496,M66URT,52,-374304419,504
80803,-1531556165,-1907020057,,51,-306121650,100
80809,764880926,2035578577,RYGZ2,34,-427479960,199
80936,-974353033,1203423171,QG,57,-687668110,801
80964,1129116481,1244807689,EMVNGZV,25,-1046499966,627
81004,-3965065,2092460216,QW,39,-2001560181,384
81060,2127734547,242303860,RBAXL,29,-300182586,167
81074,1546506360,117296634,ZDEMCJ80,20,-754224141,562
81338,-1915347298,-1613902003,LUB1D34V,51,543100023,214
81408,-1559324024,1654251321,5ABG4PSE,21,-424789164,107
81643,1774129446,-453019707,PN61PS9ARK1KYMYH,57,-56426232,792
81717,-1252911526,-119027599,2BC41C,31,-787091570,952
82064,1392634571,-1064952165,3BS681IB,62,-1222679598,151
82225,-910882186,-733419576,ELF265JYZIHPZB6,18,1424589790,831
82382,1921069503,1652984086,9B8250LWGIK41H,43,-4148551,735
82412,-294742048,-784197793,O22VWABFV5Y2,30,-794736066,910
82657,1628111351,1538999124,X,59,1597796891,372
82720,40372410,-680729355,SMDZQKH9V,38,-8615619,658
82727,530447625,-714420786,QRSTEUIIH1J5,48,-1982725972,347
82917,208667658,61661935,ET,43,-861752871,677
83023,637780847,93518945,RBUMYCM3AY,63,367156255,416
83026,1080725309,-1394237145,P7W87,65,222356838,149
83183,-1354488987,-2087975025,KB4M,,-2147212281,322
83184,-978691958,-2077630573,3WS36OHRNF,57,-1164473783,353
83205,2017700578,1291513610,A5UZVHHR65,24,86646719,74
83299,-1819924421,1062159037,NNLAV17KBRL,37,-773945593,436
83319,778057755,-1863135650,0W3LAB6KSXQ,42,28709742,597
83327,2135490332,1337429264,7GC1MJPP,61,-1697300510,2
83610,2025279877,-2110882323,CG9WSWTNWY4ZV,25,1198374603,43
83616,583234672,-935523529,56UIYHA6Z36MM7G36,63,1898792955,568
83617,-1453141355,-1655694426,3QD0W0Y0GINL42PG26W7,43,63920326,363
83643,-1683641089,1216283838,WR3,58,604991057,219
83709,1165623559,-1743397162,CCNA6AGCCVV4Z,42,156033774,781
83712,1720812500,1711798457,0JFUWAE02S99TFNS3,41,-1233721820,44
83750,-1821687214,-1787876197,6O4J1F9G8,25,1533757669,64
83979,1872037319,-902359529,DWS8GNKU95XW7DJ4P,57,11318606,461
84496,-1456266922,-2114895071,EJ,35,1096118040,574
84722,1785993755,1200094240,YG8MOWDSVFPFBC0B,41,1430771878,265
84846,-1723190590,-1600816242,,19,709418945,534
84935,-2131694231,360942960,RN8FE1PM5KAB,50,285249127,439
85005,-1174753977,718522553,LLM0FZ10DE4EPYVQ6S,62,-213515418,454
85035,-354386562,-424294329,U18OGCU76D,64,-493085950,885
85036,747829324,-813774776,90,22,-1404305711,756
85071,-608662801,-1357730574,,65,-179190961,249
85100,2106476483,-87280063,,58,738113472,664
85240,339387923,-1248580588,WVY7H9U172LZ52MCOWP,64,-607062906,797
85314,1966516718,-1603004429,K7INJWHZA,43,-1771688803,488
85527,-1286046022,1625266953,NWM978QCL7,54,398944777,867
85618,216015235,1009383792,GT7OD1DRSEJDM6USNHB,45,-221651107,838
85763,-488932897,-47417410,GIMEFZ,32,891857691,818
85853,-2054885383,1352337954,NJ83,63,998357232,587
85911,1132371602,-895896811,LTXKO55L8,50,1283631668,170
85912,-1123922825,1523303158,U2W44IPUWYMI,27,2052581015,58
85939,1935538116,-1723009430,2EQKSP7U8RVL7DQR0PLM,34,-1402658826,111
86215,1283069414,43505401,X91PA154YVX4ZIR3,58,31718483,639
86261,1996069996,-1036339860,36CW975XNZWQIUTIUB4B,40,275724335,430
86286,-1883298953,-1014287281,VXSJ48,57,1255767838,774
86444,215733945,-688769775,,53,-818194386,678
86667,636152375,523123813,ZE6DW4B3W81LJ,37,1664474408,697
86683,1346434465,-1248580588,0AAPDOU6XVT9,26,-1932219875,356
86752,-1952932791,-337869704,90GB3VRWB55QE7WTARY,27,-1985964105,731
86803,2087524958,463990831,FHSA44M,63,232692428,144
87091,115546176,-553137870,CDS9TSKFK4P53,31,2075598203,239
87116,1564498290,-1026302991,0JJ7HN,48,1363607965,155
87379,-1489362867,-1726630711,BUB1R1L1,43,1975093703,138
87402,-878004346,-1045409397,W1TLWJOX,63,476040,200
87457,2044651103,-1624214509,ADVWT2FUYKM397RET0,52,-1747859163,286
87891,-2056426142,-1666509446,WT1GLJ0YZX5MR6N,56,-66038211,42
87908,-419823995,95676789,3I1X39EU2PN,31,810847217,929
87993,758784695,-133023258,69P1L1DDK8IBGZ,28,378148072,527
88084,-1860569213,331310948,YIQWTXB,18,-898654592,166
88179,-613517599,680726952,2286HP2,24,2071188338,616
88293,-1560166760,-1041276496,MZTI5U8U,40,785768949,663
88299,-1357886769,272637674,UF,44,1976981436,619
88360,-1531527887,446269841,REM7YE3DY52,64,2011724737,269
88380,-733469729,-741980202,TIFZ4HNN9TYY3F6W,38,623510674,94
88495,-138460378,-617741074,,40,834566197,902
88537,-660386782,1777647674,,33,-936037063,438
88698,-680316701,384145047,,44,1922098206,886
89066,1755610656,-1514428732,GF3Z4ODVPW17Y852H,39,-427614704,115
89126,-1352057473,-784120855,3AT5PLJ44E34D2ONYUYN,36,-1840554605,567
89376,696926517,-895896811,787LTOYUUT545M,48,-2063218370,935
89516,-242770832,-1973157003,G1TRE4JH3,56,-278524211,295
89752,-1380127704,-1746806732,A5CHAK4ATZ9UX83LUBQ,20,-1744466695,75
89852,-1235553872,-317570616,PPBG,52,301522348,667
90013,760549016,-107463463,N3,47,1108853652,303
90053,1178381705,-1485028568,MTJM4FZ,33,-2113007940,443
90119,-1590647592,-303439570,V5N7CXF5S111NRJ,39,-1522130074,447
90485,-1785345284,-1221108703,RPZWGN376A3LYSQ,54,-762915972,802
90493,-1497359536,166147793,MASDO3GUIBK3B77,39,245563156,856
90631,1395599274,1937420088,82E50PL6KTPZXY9L,23,-448219695,113
90642,-663856063,1803655388,T8URS,29,-335731286,972
90777,-982058554,825124313,D0456,57,413276154,211
90817,700004565,-2023022931,HCS3UAGD4UNG334UTZ,45,1674812151,387
90903,2127554529,1008036065,F86TL2L79TCP0Z1Q1M,30,-444038440,637
91019,1828223888,-899824627,TXKTFXB6HQTVWL61JV1,51,-576960853,345
91374,47086183,93061691,,35,1962552219,971
91497,-68122128,-38103598,Q,55,-216888476,714
91510,-831396870,253823263,,42,881198340,917
91630,1526708812,377829137,UDOWVNB74HA5LB7,32,-158756477,193
91728,1702773329,1610745628,GJPR8,48,1339674408,711
91973,288017223,-367513036,V09QM0SWZ,53,-1246558109,700
91975,595432517,358651374,Q8,47,-1146271560,215
91986,1934037218,2036900962,LRQCROUY,21,1781441672,197
92025,696691264,-1774255582,QR4U4WKEL5XG1M,30,14014290,324
92111,-2034288666,-1103867168,CT7CB,42,151020840,276
92292,-345429040,1172759407,FUZ0879,31,-1860774060,843
92309,-1167511933,-1831197655,BTH4EBI1HV3BKRXTF,55,-1009904817,765
92379,-1168942833,-1914095583,W4WF3S1K8F7C3OL5PCNN,19,-1194761002,133
92525,1406565559,-1399882592,,36,1841353783,329
92960,-1357890820,2121255256,ADOXH5,29,,18
92963,-1898816,615311070,HQM5WX5108FEQXEM,19,-454539147,67
93046,272914340,-959244730,CBJ3D9ZCJ,26,1639864972,403
93066,-1378879116,491714935,V5VAEVDRD0K,24,-692287564,787
93135,-1314856962,801058248,PGC502T24PUO3Y2L,43,1231260905,707
93222,1780023921,-2133904652,OW9,64,-1077117445,606
93251,1283299435,-619760424,95ZV,20,-1451434090,121
93268,613365815,-722864339,1538B37ASQ5,63,-2084317542,224
93279,-1741747638,1726538157,NNSTOX5OG22JGVPYGMS,21,207840206,579
93323,1019435696,318954076,1459BOSTI869O4C,58,-1950198973,934
93478,523307572,428872924,BC79XDORIHFL3KT,55,-1527155349,737
93485,-1536493049,218334730,C2BMTW0P8TN,44,1642242659,442
93509,1063764928,435786350,4B6W774XZYI6J18B1,28,1339680050,999
93599,1709978513,823686878,GDAZLS4CV5ZXX3ZV9L,44,1664065974,789
93627,2039754075,306522953,JL9ITWY3,35,2135274724,596
93875,-1859994740,1439432688,AGCBH4XXI4EKW,29,1779760004,136
94063,538902090,639243444,C,56,-1293568130,973
94141,,1530821378,UH00,39,-1841842975,17
94175,773163779,-1762252737,162WD7TF1,22,708845496,386
94202,1853903542,-308142511,VIMW6CWEVQ,58,-2030535682,876
94303,273259998,-440623043,7SCBJP7,61,1937662038,689
94367,-462850991,-1622881476,HK,37,1674516280,134
94424,-1331822675,-1365202792,,63,-1616544354,80
94440,-265487464,185526071,IKGOS2T4M84062X9VT0B,46,534026419,868
94522,-1373838547,-1794812274,NOJQ4UX2E7ZUPI,47,-1040966311,281
94884,-1836263726,-2125966206,KVV6J6JV4ZBH62LU7,19,1091757332,120
94913,61001932,118405579,9K6,23,1992533242,132
95081,1474878926,-1131262382,PGGSP5N8HDKX9OGX,56,-1603712825,369
95163,-1121283318,1001931836,37M9YWMP,27,2104874097,686
95294,-2017450197,-667431496,2BAKTUBBGW,46,1741798620,775
95490,-1618282296,898976783,3818PS7MXCJJOFMW,51,-1580004660,705
95512,1346679942,-1620090810,IYMBSOTGXHNWVR8AQAI,23,-30145571,201
95729,-597510256,1719704273,ZPZYUAXDT80KABI3,39,180021409,984
96030,-364811759,-1788936445,198,62,892711174,421
96040,-901342421,-764839000,XH9FM3LE9K7A,50,-41818446,195
96378,-1329880081,-88268949,0I0NKCUICQS5,56,-113328954,114
96392,1815851721,870413169,,25,-1736229233,724
96496,-2067952548,-520288642,JCUNFA9VIU,65,-2072175882,468
96527,759426527,1192420817,TIP5JBQR3,38,-1650710932,823
96755,-1094579428,404828903,7985GM1,41,-677680063,921
97034,-488983716,895159033,FZ296HVG3IGOFDL,38,-725909211,699
97330,32037689,1542587814,7VHWXMQIC3L31,38,-752127233,452
97356,-666058553,133951465,42AGZY6I0ZTWOWAVA,61,-1107285170,605
97511,2086731215,1915007082,AAILUUZ1DBS,64,-768419532,354
97583,-2136459622,1980538195,1X4PP22,55,-1775958006,633
97672,-573728879,-1439955959,RY11,63,-173903853,350
97743,80121388,95676789,ITFLC3RCTC9V88IKBA,58,-162092834,589
97770,-161337255,1839721653,39WW6622CXAZPSD5NZ,26,-1666963292,559
97944,-243042588,19850311,L2EQU5B72B1,53,1468600958,948
98004,1713736121,-894273426,7K65KQ,61,313183633,632
98188,2113312544,-1268246903,CSL,58,-1783489337,440
98210,1489065341,863886360,S8J4,27,-722319942,460
98227,1892480810,389104744,F41UFO6OSEIUF,64,-1755480217,988
98335,2122313150,908894194,0CNXBYKP19YWVL45E,64,1193653412,852
98545,-701088043,-1498876875,6Z4VAAMLJ12L9,24,82688166,157
98579,482118924,-282081490,WO7Q5NBYVJCT2IW2QQK,61,-52380526,8
98638,2118394622,196672130,Y69214QRVOMQ0PG,32,-706535326,719
98671,2113869100,-885188299,5BE,53,-1444205006,882
98675,1104067953,2106967529,K188NXLD,55,-1580827189,23
98683,84243007,-667431496,JS8R,46,877590687,335
98820,-1517333490,698109248,P6H3TY22O,48,1533262952,959
98844,1598715418,406544451,QV4,48,-1465121644,722
98907,-414435812,-1743413126,K9ON7GL1,22,1980428523,367
98955,-2097299075,1730729781,LY5G36M,20,-368103607,184
98998,1380303102,-1624214509,,27,387007545,683
99086,-184959311,1635336122,2BFF22,55,-711754808,229
99204,-419855280,-405372947,F,31,-202263956,808
99217,-449402218,28372009,5866S1A7M35VBH,55,1974339156,207
99228,-99367514,-1489898197,KR8D0MUBAVSKC53,54,-901466327,380
99324,-1903261075,2096446184,1UAI6SQ8CVICE4X,39,452431347,34
99447,849946530,-433987477,GSO0TEWAJ88YKE3,54,1096927537,405
99530,-446314488,-2006152249,Q01S6XM1R3L1N9D4P,51,1083365579,423
99611,691392307,-1004103014,W8DAFQCOY2RJLLPHA2C,57,-1351587271,733
99813,347947819,97056939,0S5GUD5PIDHGG7F,,-491635024,552
99904,524088703,-107741794,9D7Z,30,-115409235,670
99905,197065602,-1631770329,3H94V211R8N59H1,31,-1127999664,644
99906,-197269856,-806109705,YD996YLDMKGP1R5,49,201192829,238
